20 28
-0.29277473244901014 0.45176070429491577 -0.08411740041062836 -0.09920246101768199 -0.2033527867995103 -0.3621776133610111 -0.041451404433597946 -0.22854692909166743 -0.3931061329018822 0.7913609220537307 -0.6227412901389059 -0.2835517110985105 0.5953410014491529 0.33472296393006906 -0.49374086277308665 0.0491648126933269 0.11912753631280763 -0.7602511547107701 -0.7905640665715822 -0.31344729001338684 -0.007201588112185 -0.18018417207007437 -0.32188126030844916 0.6982868771506143 0.31351511382533964 -0.4288585037498288 -0.18729985397085974 -0.01638196025120949 
0.7468152490526715 -0.3478690792614231 -0.004257555790443427 0.08112277661199846 0.3195620761854409 0.28194006714119824 0.028957131084976908 0.3450582772753833 0.6396549087569602 -0.5921782244555709 0.4108555059244735 0.23012914519420105 -0.44878167733612256 -0.06253099643855942 0.2621494121275275 0.20898928304107792 -0.17867442974542966 0.35302683791324574 0.9001808659929196 0.39597359612958155 0.10842865661259007 0.0252525225248061 -0.07956016974159323 -0.5503092935209489 -0.2339556960621316 0.4894880905477283 -0.2345699416511028 0.021245550775455174 
-0.5364225495264587 -0.4229759789632957 0.19794732043295477 0.010949202325828957 0.050672649013560715 0.27068757891248885 -0.052544731398600206 -0.13289146460368906 -0.1762063392624277 -0.5795718255077371 0.3487583208091289 0.22004028905960915 -0.23825604990843596 -0.3538244152947163 0.1873328250964636 -0.41229185779313604 0.061397581959517604 0.6682168729548522 0.2610564316249931 -0.11146266367206234 -0.253400609957663 0.4281986704455268 0.7075955311517328 -0.2737850478039883 0.11408181668237811 -0.17127531556430212 0.36727308373010986 4.035686157227887E-4 
-0.3578504301915228 0.48162673717411886 -0.13981743401160868 -0.010273164298449933 -0.5211698551839611 -0.15876074410424942 0.19560005821301574 -0.10965587776852245 -0.4062479364822545 0.43999581766286616 -0.08414442535472828 -0.16037951955672405 0.03672539053833955 -0.10307155609837507 0.3086512327878904 -0.019728329863504125 0.01782873237396335 0.016780724492375998 -0.7773933653014097 -0.0029809544625886463 0.17753027609579464 -0.26609117913791736 -0.02715853405264794 0.09222164666716631 -0.38528649301640944 0.10534812910998109 0.5671167694591492 -0.03574377627683269 
-1.8397410862276864 0.5152477216566818 0.12740286817756316 -0.18236051452742474 -0.6772035560648149 -0.44691804031875676 -0.05665537855740597 -0.8269839611389718 -1.389240715496205 0.9636923399799289 -0.7457194267045285 -0.3600110240239832 0.8060267678467768 -0.01024647933170509 -0.4865730234012389 -0.6404501079426573 0.4464864074132863 -0.4514725870162792 -1.754046268595148 -0.8951557643718628 -0.3539733082386569 0.19822037087063415 0.5144377770865175 1.0249958270189667 0.5723221120913748 -1.0826117442174383 0.6740982449892801 -0.04644180108441449 
-0.21823089310672927 -0.4942029610976749 0.25481979531618415 -0.082313230956435 0.5510291830328273 0.028294741177711767 -0.3135204893217129 -0.1749106464614489 0.044055925454403205 -0.15814614430769755 -0.2668395913572149 0.06104739797287013 0.3984744935559753 0.21681612479950113 -0.7982917701915764 -0.19622890935075138 0.17478196009947028 -0.3734552288129511 0.40186505059310074 -0.4049424368967377 -0.4373146970784155 0.4874701149025671 0.1765819492714438 0.38182866394575726 0.93780791032671 -0.6936375801721907 -0.6873564417773796 0.02396909729159956 
0.9785899634679426 0.8018335870856493 -0.4590548985466179 0.09852948321741696 -0.5111454969326248 -0.1494775695742614 0.3801948019528728 0.4555953398866178 0.2976660287618725 0.4299206100051812 0.15988874324073002 -0.16757656513529276 -0.39707369024610123 0.02480379395954488 0.8167176997369537 0.6667693143126561 -0.335146924007344 -0.03331307764880487 -0.3214366601148088 0.6996022067074456 0.7436276616258144 -0.9010346339483101 -0.8461636015588102 -0.4037349699082349 -1.235818282545398 1.0832582480806192 0.3402656256259298 -0.024743335091991427 
-1.4324523268031857 -0.5025688207294261 0.39371928944185347 -0.06514236589609466 -0.06306621439841834 0.14071302620860243 -0.1717885120949175 -0.5345821069933832 -0.7229927042027872 -0.38499282383693056 0.063818604283738 0.139586910243549 0.13750679711606434 -0.40033128485078917 -0.2086834739572589 -0.8141430532855638 0.3084872706231894 0.5419427141748263 -0.25587624772750156 -0.6175560803651934 -0.6160748160243974 0.7639634853842571 1.1352533807664582 0.15342113988648406 0.644510600872174 -0.8206171102644848 0.5181335497949865 -0.024580436526424967 
-2.1526688983769455 0.2483571474693302 0.14511798834121226 -0.031434799166170535 -1.150648212435873 0.04930911528270855 0.2365941569078541 -0.6729287162042773 -1.4481730841408935 -0.057575288117160034 0.34660427401336685 -0.004951636714022191 -0.2655479772846417 -0.9184076114939759 0.8592469119353431 -0.9413581965229729 0.2598410402731217 1.2169922698151625 -1.4533083784996355 -0.41357985199651365 -0.25520573436221794 0.3791073745261011 1.4265616956053804 -0.13130385728258567 -0.4543956356149822 -0.33992146601319 2.025399965373078 -0.10262834136861873 
0.1364234621675536 0.4184512986409867 -0.15193772178566728 -0.02934446291747213 -0.16900473451000542 -0.26236682859883964 0.05074197757359052 -0.018747214408952037 -0.09938373030695566 0.6002420503665231 -0.3650579150630534 -0.2213092055068696 0.29514413803901846 0.2653604673549549 -0.17141556301868358 0.2202882278337144 -0.0020690084461833565 -0.555400710091022 -0.5216543024945453 -0.049519633171502195 0.17882725790170692 -0.3473254364996281 -0.49843049714139454 0.35038729688685455 -0.0507975897217104 -0.005040250187794051 -0.1346971486642031 0.008402823919080388 
0.7293140173860133 0.2015320652447212 -0.1717903722584437 0.03859990707515981 0.06398973053915369 -0.02781010774425033 0.08832454344734912 0.27169019225259616 0.3923369529333573 0.1303399076487787 -0.008444539545167053 -0.04605674935612821 -0.09967714899125142 0.18685640541332518 0.09984043524143614 0.3888375830411499 -0.15849685929119087 -0.20353890541710762 0.1862592383842759 0.31029905111309514 0.3012453346375415 -0.3438108037840414 -0.5390222697379724 -0.09246255613721356 -0.3127272014564752 0.43155643733087645 -0.2611472189389258 0.017395460431213407 
-1.0384256728784196 -0.42489430306154735 0.3169369711079904 -0.09449055894643053 0.10470745462834213 0.06009602171264349 -0.22182997901894544 -0.4362173753445665 -0.514880347835752 -0.1907684497894054 -0.09357076538109954 0.08812854289300526 0.26918308665838436 -0.14968476112954904 -0.43089767673799156 -0.5692805708243963 0.2822141052782002 0.14341315388328832 -0.14935054497321862 -0.5573431189376307 -0.5247331519981296 0.6245975415435917 0.7764833455110096 0.305076147024183 0.7570684682166284 -0.798639359540706 0.12513535886483748 -0.004329708382009398 
-1.1515631917930576 1.153903988256396 -0.21167031572866596 -0.1613297676089052 -0.9215049191681869 -0.698380077038455 0.099736823827135 -0.5900977104529453 -1.2007817282089908 1.6121148176048443 -0.9748088027100535 -0.6119634867166245 0.9045543301900594 0.2998180894276347 -0.38669957462755955 -0.09830319464050637 0.27536089633911065 -1.0466160947818637 -2.1487455527735086 -0.5823117141508597 0.09464154181841809 -0.4643763760532093 -0.3108546314954298 1.1588293637732778 0.08759680978955345 -0.6302839403164436 0.5124332155226154 -0.0550220181974171 
0.5233948849301177 -0.2365022329477613 0.041617120407932084 -0.0345367717205145 0.48506321483227083 -0.016463228485735164 -0.165696640333936 0.12610188547503098 0.4106799330951405 -0.0275134182636216 -0.17278515758240875 0.009708483943314068 0.19402667551586725 0.3165975051198825 -0.4896958561371873 0.20688521095927842 -0.015343489564322797 -0.45249253166136155 0.5219133550922771 -0.01681151368492354 -0.07100053269986198 0.04381783378335041 -0.32981519181160984 0.11490598519058681 0.42195144550164276 -0.1368725250926638 -0.7712277047647993 0.04336331123357479 
0.3561047402583563 -0.03403148802092051 -0.07301578911193443 0.059953093468067195 -0.04700179583961551 0.15996448038110672 0.11391107622611679 0.2290099530376478 0.26444557556957143 -0.3274826246444304 0.3589720318308393 0.11699079765171154 -0.4013722022181413 -0.19081716676377736 0.47915748868378655 0.13098588969554395 -0.14317101820643377 0.419221514301241 0.3337346366437929 0.34317222402002895 0.18216037242595728 -0.11116381814605691 0.019306825149324577 -0.4533485568081919 -0.4717840164264503 0.4808443611783964 0.22426386088977368 -0.021738247487344053 
1.125125180300452 0.27502500974924476 -0.22856130824724902 0.039516986071693676 0.23760585041141677 -0.17060039406683192 0.02522463386329526 0.3617799050540186 0.6027775835323348 0.37075887390450485 -0.2248767352696612 -0.12507551112173354 0.09415914669361054 0.4617127564116407 -0.17697136013038983 0.6168831826456953 -0.18942694066411042 -0.6744396011245041 0.27269383218416576 0.3217940536939853 0.3592164476710142 -0.478223034471225 -0.9269718962773542 0.06590754836435996 -0.17739649994463264 0.3904298110329614 -0.7195173712924923 0.029526688589690896 
1.3211822859246074 -0.2879100871868988 -0.11016892789026077 0.10614272011169539 0.4478120655643678 0.2577541235511545 0.04408293732875369 0.5550770738293325 0.9605309855206222 -0.5675195293604117 0.4598309164498941 0.22769995449204614 -0.5460391986114534 0.054350043537181314 0.3249861610702461 0.48654035566734044 -0.31591599233083695 0.24198175843842337 1.1670791871147568 0.6104690308858125 0.2847499765432089 -0.21104262209425062 -0.46012162507125304 -0.6524277956736607 -0.4528023355801508 0.7530084424022067 -0.49591122892187667 0.029014732732544454 
-0.6299690131341485 0.3808358443289222 -0.04115408933323382 -0.08649003436653026 -0.3312627365933387 -0.29163624324246035 -0.007376125185866247 -0.3177854884448544 -0.5519601466207521 0.6398492799847153 -0.4659172013762095 -0.246138861278203 0.4546094756920054 0.14053793707500362 -0.321384084694482 -0.116046382178595 0.1765733542536277 -0.4647087097671217 -0.8590204200740847 -0.3685939008252154 -0.06041038956913521 -0.06259523464854348 -0.020484403279077815 0.5812822456717727 0.2288513959986794 -0.43487270438535164 0.1240758676241992 -0.006138458966025578 
0.7171704726011214 0.13964896269841062 -0.12279314367679467 -0.002408712689489953 0.2386732067873864 -0.14031464731293958 -0.034222140504708544 0.20132080881358336 0.3761434502935569 0.295384004353216 -0.263052923363697 -0.10981897109227617 0.19041246094779632 0.37246219418293713 -0.3107140247831392 0.4106694327183901 -0.08420455073273472 -0.610926893875965 0.2047915041495802 0.13528827093891146 0.1795587948854964 -0.28578013041148254 -0.6564511278996441 0.18364381517453066 0.06960772208856725 0.13785335881228267 -0.6580918923903635 0.0387038455189506 
0.014664608529181333 0.41317723789773525 -0.1468948186063076 -0.03136744634005587 -0.20172219353164558 -0.2491021921417188 0.040941872630566783 -0.03469064081447822 -0.16244150340179894 0.5422269816092248 -0.3164011099830142 -0.21034248896922583 0.2670848819152986 0.21091402435965534 -0.10403487478054105 0.15969390368099934 0.017834885058143526 -0.48878044458504594 -0.5161335306642754 -0.03456881435370766 0.14945937732587264 -0.2979477597356172 -0.3816586695848054 0.3057093063975149 -0.0800441402333205 -0.0145775800394725 -0.03258823675864005 -0.01988909024949074 
