200 1
-0.22176597372854218 
0.5271920217505774 
-1.0240772756848182 
0.06839979692196559 
0.15549489405646044 
-0.7334725567614279 
-0.31933814302373764 
0.5824886047590389 
-0.7878171326976574 
-0.39563060616200746 
1.2150988921027828 
0.6951766907779268 
-0.6062913180959985 
-0.7923479784028601 
0.12724331522474436 
-0.8896669436068764 
-0.08417214561578971 
0.6357196551002782 
0.3130405461780864 
0.45212803342293817 
0.46810073706361 
-0.2233274455422184 
0.21686161174370458 
-0.7156855287668704 
0.509203986165127 
-0.7357577863540183 
-0.08316990359523269 
0.14772346947896428 
0.5259715370823047 
0.08891864798197142 
0.507394266062583 
0.9562129701911716 
0.047620724097537225 
0.05854689295418096 
0.2380065296337461 
0.006876293468617211 
0.4912638002046173 
-0.7964015063044522 
-0.3878533575062084 
0.3629410669046364 
0.8440428779778072 
-0.10488704117839151 
-0.3277416943294416 
0.32032281833603365 
-0.5135172215788086 
-0.4351753350042367 
0.7117484539216391 
-0.1172870901997207 
-0.26577881072381243 
-0.34197128628429446 
-0.8551182509782735 
-0.1674632611868904 
0.19165976816742325 
-0.6306708279282762 
-0.06839096569843908 
-0.04864443546142332 
-0.8070551338278588 
0.39902858171755745 
-0.30304997147307183 
0.3513693967556709 
-0.4581306111052292 
-0.7146307101114042 
-0.27008497340028226 
0.6139204901752631 
0.8350549048016335 
0.10164816178392923 
-1.0058239215528586 
0.2842262878772662 
-0.18129604921415815 
-0.9774675823547816 
-0.8978468230021094 
0.003708243382427758 
-0.27081174848218625 
-0.31145791703009496 
-0.02665037975581183 
0.6324181973057778 
-0.7943052758363229 
-0.2419229928438821 
-0.03253739762810663 
0.18008422001777777 
-0.6546872566761415 
0.5880310189513172 
0.28707571063749027 
0.470190516266461 
0.5790353505726027 
0.395840762788191 
0.6733853761285084 
-1.5762706281555279 
1.2004368884364363 
0.060695098565146585 
0.2847332148754923 
-0.3107181752161116 
0.4471552534610296 
0.40633880137312567 
-0.9286990750642008 
0.11120737191607877 
-0.3494158665234829 
-1.0715778844439963 
-0.3102637327425186 
0.14197072088090715 
1.2517183691643672 
-0.6965217355501451 
-0.46718206795159156 
0.33100455008698626 
0.6869736275399907 
-0.17407587297500712 
-1.2428428263925064 
0.4029600354610383 
-0.17194932419935344 
-0.5480682578444166 
-0.4820989717678018 
0.14757725650570874 
-0.8925688790692574 
0.8363054358633715 
0.6388106326436196 
-0.3260063318664856 
-0.6999176542443137 
-0.5446566618972638 
-0.6522719461918192 
-0.2954977275933623 
-0.5756678435069085 
-0.6314254768688967 
-0.04452348599757695 
-0.07445877119652462 
0.22709670552459862 
0.04719261795465516 
-0.623902131389544 
1.2924187455177603 
-0.728035880892551 
0.5761909360536747 
-0.18092253592644145 
-0.21070552319885918 
0.5721352023083105 
-0.11664201882428112 
0.32822452697490334 
-0.3342488606836199 
-0.4651987873613121 
-1.0521834230651634 
-0.47480354075040754 
-0.591107173141003 
0.05739613840634395 
-0.1824509239492284 
0.9130221436025915 
-0.5502085209044627 
0.7618648423537118 
-0.29670021929924156 
-0.3965643658006183 
0.13265114007965367 
-0.9433284560222923 
-0.4300352387007042 
-0.04414955022391123 
-0.07943987815890224 
0.07301879434078137 
0.006297093481435617 
-0.9892198716556337 
-0.6170933978920511 
0.22445410952686265 
0.8744260299912355 
-0.8766470178019025 
-0.6325423015682905 
0.5735108223426443 
0.46719474349855644 
-0.9888778633526969 
0.26387222830705903 
-1.4841267732869328 
-0.0859143573663611 
0.300981499737847 
0.15325274759249807 
0.5112786402327072 
-0.10838285743060615 
-0.5407373332131589 
-1.1514549278983208 
0.42915997270444545 
-0.3396318666097711 
0.4726045889336933 
-0.1544631200124865 
-0.420751942603875 
0.3498486114326126 
-0.4412598770811947 
0.6241994870916215 
0.2357745997929973 
0.3424986406654637 
-0.08652695040131224 
-0.7410872189213709 
0.4319175871830511 
-0.26751381267617474 
-0.4029587574115803 
0.5949133761798641 
0.05781763236789222 
0.4569485324581776 
0.645308617163356 
-0.6564017120746343 
-0.243012988108471 
-0.8043403928155243 
-0.6752064480617426 
0.8114621810957148 
-0.4758141738990462 
0.4524574606377821 
0.5810544051281459 
0.6277401901711495 
