200 1
-0.1349209606814377 
0.07149400971464277 
-0.2729047522008635 
-0.06393488730802663 
-0.23812534100478042 
0.7607135469011199 
-0.3191524154918545 
-0.28715671945669285 
-0.3369198089419745 
0.2471625570087407 
0.06335258490065328 
-0.08839387603588776 
0.19695819052975969 
-0.21617280690012158 
-0.3438182357839654 
0.08907406259903543 
-0.18665314018598628 
-0.18895731470781624 
-0.3998250813876383 
0.069737097503792 
0.2235209307280728 
-0.13072878060485152 
-0.15380293844677945 
0.04344624794243924 
0.3092123954912912 
-0.31264915541328364 
0.42667398329343537 
0.057134635153256993 
0.2372795772205233 
0.4149664213952234 
0.3250075258669472 
0.29355099149509634 
-0.2973028051961509 
0.12161370798387781 
0.5390994323022762 
0.4399756308509366 
0.3825417735116444 
0.32195626242392666 
-0.008444691677809691 
-0.2820460192645531 
0.32898541896076694 
0.14459440332105064 
-0.24211014904627298 
0.19339413848204315 
0.157838612065461 
-0.1597142800475201 
-0.7431077332106442 
0.2509179830968578 
0.5401987874723996 
-0.6960440916922067 
0.30296250114193 
-0.0955574288476887 
0.08198555081857575 
-0.12219473533508525 
-0.27926616627872164 
-0.18991659062728458 
0.4205017562928046 
-0.40518740308143464 
0.19986791661998524 
-0.6720642041719671 
-0.3569975185105875 
-0.01936876504832391 
0.4185020230208035 
0.5623599366357557 
-0.2572282590766243 
-0.07996374232892357 
-0.3214995527556355 
-0.7908292754468674 
-0.3347298496808952 
0.0733141695433196 
0.11761928444336939 
-0.07318101606242967 
-0.3739402574648854 
0.09837416597366941 
0.8536818070660444 
-0.15101063724187636 
0.06699144553414829 
-0.6112374074284366 
-0.31909034396897545 
0.6502830147169665 
0.3237809770164771 
-0.3224906236406252 
0.061287892603402075 
0.06552830991449084 
0.17533585799262386 
-0.11649637119646072 
0.09518971220711775 
0.017011168428460028 
0.16002325534819778 
-0.033962453651952246 
0.23562372447037006 
0.09690598139980207 
0.06557397799842163 
-0.16428952385229784 
0.3644062685202468 
0.3772714514949628 
-0.09237812548151528 
-0.26753115417222406 
-0.2899437415123993 
0.4644187732636494 
-0.6721284072489637 
-0.38334754065585064 
0.5680271810651776 
0.006994604019317366 
-0.17561913672505286 
0.021584850077064337 
0.11256938006562243 
-0.018962514881289392 
0.2539750800576176 
-0.281829138413488 
-0.4347663877577204 
-0.08848581689596581 
0.05491305676728289 
-0.10604453022692481 
0.33153973159857697 
0.13258420901505097 
-0.04742921300706136 
0.30149329451581786 
0.40342073514166216 
0.18557076010802473 
-0.14086407453810387 
0.10380854681133993 
-0.3844781481276098 
0.07982658076569074 
0.22519417200296793 
-0.18183163445708087 
-0.1507479100207778 
-0.5163404165597177 
0.1283758156405855 
0.03717759411898161 
-0.17870340483862557 
0.15207622055062014 
-0.01751372059052642 
0.20062921004495574 
0.10781125384564173 
-0.302390852201545 
-0.18276484146043623 
-0.28911222800041886 
-0.13878431326927268 
-0.024459308366542226 
-0.08277121183744567 
0.03912546811748954 
-0.2471711101802615 
-0.07416919358404124 
-0.004979292790227773 
-0.15249035001740138 
0.6241038982382046 
-0.21185059967505024 
0.2822666444561967 
0.17309406585180345 
0.35796146977245474 
0.34982255821985575 
-0.5172190742427597 
0.20414389523491558 
-0.24986174335346864 
-0.41000164034912634 
-0.1849268445018714 
0.12678947291270365 
-0.14662570048444107 
0.01644673472617512 
-0.001346935691988755 
0.34523084381948577 
0.06425080341295777 
-0.21120241358220965 
0.1504258092771591 
0.3023060561152178 
0.3733013425713043 
-0.2512406520091809 
0.4433352798620545 
-0.02091987181395428 
-0.3641704196018931 
-0.3898442865397185 
0.3444001328917454 
0.29204071782663743 
-0.3569928154064264 
-0.22137640203594522 
-0.1206365938582576 
-0.1283497921782329 
-0.015492617523874692 
-0.010557516152667538 
-0.25387649172415305 
0.6983920115537811 
0.07573150190448019 
0.3796571006569258 
0.6703799559643276 
-0.23858274090227352 
0.14057007198490926 
-0.03530064310057394 
-0.2656155053747081 
0.2620397115716583 
0.04436131456426587 
0.0403377689734924 
-0.14126356224657594 
-0.1986913475298045 
0.4300581024313634 
-0.05947777462355227 
-0.03185700178911539 
0.03508674201868821 
0.12134753644583747 
0.08307745176963936 
