200 1
0.02299068159331314 
0.10810966240412417 
-0.07199388986335899 
-0.3724979175200237 
-0.14276675137982456 
0.18741999028883524 
-0.005188069214924819 
-0.2683466269961715 
0.14815220616712124 
0.07389132811505614 
-0.2080335712690558 
0.03389954730900159 
-0.2753400140545565 
0.12792638865731784 
0.3621377132873299 
0.5831775728834043 
0.14377126012398178 
0.24259557465186418 
0.25057842499464233 
0.17484731829025021 
-0.1478501307529501 
0.20774916001104238 
-0.011230396518383343 
0.324809518017019 
-0.29149398047366015 
-0.03301034281595776 
-0.23831018696266024 
0.34114307879919775 
0.4180851870875428 
0.09449151400301566 
-0.015308417549916457 
0.22404852902950528 
0.11285893919580899 
0.08313971309725632 
0.15549496648874736 
-0.07539827694792316 
-0.023536469878666786 
-0.04233503306421385 
0.22251318505601755 
-0.03491765967997179 
-0.03375330882259786 
-0.02530448387696039 
0.22965704628184458 
0.31898487836341544 
0.04872333787555956 
-0.5233280455317909 
-0.22827246092250356 
-0.2800879650477487 
0.32999088340512334 
-0.3709641383528286 
-0.008054651868095465 
-0.16656832908749117 
0.1352116918159618 
-0.3037924512658828 
0.1814799234930601 
0.47191711592185326 
-0.2081563796490231 
0.2545947185157443 
-0.34038410439500466 
-8.154664378170211E-4 
0.02350271550998792 
0.17598631831701378 
0.28197056589514363 
-0.09683265752356367 
-0.19193753389681859 
-0.1472833679757607 
0.26508277389019413 
0.2794130309264591 
-0.17358036820250602 
-0.30153037001045563 
0.010199258313858801 
-0.1894228660085976 
-0.17103366223522293 
-0.2888650352997509 
-0.1020184892981274 
-0.10097776147461501 
-0.37085377701003486 
-0.2986095255631693 
0.48491420052686146 
-0.10471586441248479 
-0.15769135622568428 
0.0032488986316470464 
0.013570245930930716 
0.21894338188348117 
-0.19966724894814594 
-0.33192367611648893 
-1.4625130359561915E-4 
0.1962488330661093 
-0.21864341923587685 
0.04776774619293656 
-0.1343970035951795 
-0.21993492208367313 
0.2692097294229634 
0.19034635857992116 
0.27209405439071616 
-0.32043032559425355 
-0.09286454778786933 
0.037495839701363755 
0.008109831663632978 
0.31660527650919257 
0.05844655370261187 
0.0934289090836854 
0.14297852711616987 
0.406481109461398 
-0.017608911504638742 
-0.2915915438428046 
-0.2655131918678573 
0.019002216518750673 
-0.04557357004481617 
-0.013273627215159458 
-0.10936411070634577 
0.4269348971254524 
0.0035861623101707115 
-0.12905714769211454 
-0.21630112879407146 
0.0986827857611787 
-0.13203265876305048 
0.09763152641584269 
0.06560953445444523 
0.20265798133148633 
-0.36592972292275777 
-0.17063811229224388 
-0.15317064122268173 
-0.17771013528143184 
-0.023755330217538978 
-0.20648342695873123 
-0.07777561783256477 
0.08065420342136831 
-0.0666596724411011 
-0.1692400193827557 
0.01026650635306161 
-0.08200628436946533 
0.1020211757458313 
-0.16712422608792313 
-0.018284363471009497 
-0.06049568473390744 
-0.05701469052680712 
-0.2515608743885969 
-0.12063808217676335 
-0.4764717408854398 
0.11443439141506055 
0.27646133338104206 
0.238907230697686 
-0.43611572800471804 
0.4625264536652371 
-0.08714047137442578 
-0.14785272563815935 
0.02679905774269313 
-0.029655691357900936 
-0.17969885669446017 
-0.2785490819695109 
-0.08797343687785882 
-0.5310045661027153 
0.03889518097038316 
0.09633275922949684 
-0.08220317426312143 
-0.030474424016312385 
0.08648692612119872 
0.1697695961899553 
-0.02098712398363954 
-0.08207552656128114 
-0.1336350740697371 
-0.18105234970255657 
0.14025618832995485 
-0.22322528133744102 
0.17814488210846882 
-0.2982355757103951 
-0.4547297644735776 
0.3463652297978233 
0.01279667311832658 
-0.1875937380524858 
-0.19393922075826875 
-0.12371040431805475 
0.5179123662366356 
0.022846426701845474 
0.13682338347613787 
0.17079751542181718 
0.3517519510153775 
-0.20874177483330547 
0.06868668283829801 
-0.20930667009859008 
0.11535229174498421 
-0.5167230421721485 
-0.33484351040368565 
-0.15848623425746597 
0.14824932868961396 
-0.42633869512572437 
-0.05739801057468319 
0.3607890894099664 
-0.11943069371620955 
-0.2487642713037129 
-0.0841631842107394 
-7.522515210276123E-4 
0.13595150935979797 
0.16533524800148094 
-0.33259734169334665 
-0.055601176610086435 
0.0216162352919275 
0.11468614668564273 
-0.24866802324950368 
