200 1
-0.3003751349222072 
-0.213246524382702 
0.06725418435826408 
0.22486893409381206 
-0.052213854621155714 
0.35582599008259963 
0.08377589885836595 
0.02065649851161374 
-0.008556791538487176 
0.23848773618028646 
0.344839587926516 
0.16136749751342108 
0.04917391388144196 
0.1702807243312083 
-0.00279520308731832 
0.155062118494114 
-0.09058334849146202 
0.041512191339257834 
-0.24277221898213852 
-0.14094058461843037 
0.19182148377025668 
0.059351174916328825 
0.12128181736363305 
0.0181909944817962 
-0.2595767826077607 
0.21650935378039815 
-0.0019476450106098277 
-0.16749001304816535 
-0.22591590846707177 
0.22401479819212472 
-0.28294484678907017 
0.09306289001050513 
-0.14287259185494247 
0.06610429860052677 
0.14906967306809138 
0.04926038937592147 
0.0808871924719717 
0.4090226231750542 
-0.1773071145120958 
0.02736674737608518 
-0.012145594502397543 
-0.12696664282580922 
-0.26622284842698823 
-0.22767006245121282 
-0.08548278418321519 
-0.0835761918355577 
0.13534689062049401 
0.13380024419501602 
-0.0757204386399882 
0.25274213275213125 
-0.41683107434666383 
-0.09195973768126128 
-0.04882115225795196 
-0.008343595380140224 
0.02501316810956488 
0.2779124665057226 
0.28891223313689657 
-0.09201797626817786 
0.035983127197793945 
0.23025506179300223 
0.04326928171527863 
-0.10102560401663897 
0.06611500363467626 
0.03772887078108162 
-0.15635384342016118 
0.05249128110368136 
0.3065747228897109 
0.08832077422157683 
0.08495892308205666 
-0.05787840097198359 
-0.06558323826789222 
0.27032035030572116 
-0.06417421203175042 
-0.27758169121533677 
-0.028543405946261927 
0.15427581986799097 
0.18163145841516226 
-0.5048403081360567 
-0.2617405538413708 
0.20359061744089937 
-0.10838935081218665 
0.1247749098460642 
-0.12294008953514488 
-0.024173690510841613 
0.41111116564520117 
0.19760651324874107 
-0.06152708294716681 
-0.2860327514758439 
0.10738654739095788 
-0.2626354646830841 
0.009670552084424109 
0.06255269515662473 
-0.047433515733779914 
0.33178541223988955 
0.3207750610826069 
0.008891487245871764 
0.22071236648512732 
-0.3009768199971158 
0.01567386318927093 
-0.15744916468508904 
-0.07439458563646816 
-0.22835117640071811 
-0.1180899873155918 
-0.0022400728240455203 
0.05028541660697587 
0.09859714751298339 
0.10776299922615472 
-0.017094320296159534 
0.14256210226769359 
0.22841267688610906 
0.05549509486357729 
0.11638836240232107 
-0.2784125840291757 
0.16376737283673876 
0.10471779226373408 
0.3137873126147589 
-0.30334907046358994 
0.14204456118992273 
-0.06365678053674212 
-0.15245996222906774 
0.3177855146129932 
-0.019899513263661198 
-0.053687466171606385 
-0.3990012616403679 
0.09348866029545384 
-0.11964194854668689 
0.1237227534990739 
0.27771256305750486 
0.06884108180221743 
-0.0931599687012663 
0.01826114669641749 
-0.07140371573966502 
-0.4207257355211865 
-0.08114718437446382 
0.05081779084456123 
-0.027494938938520973 
0.05149045243900102 
0.3771270150836607 
0.30490124101251814 
0.13640300956740345 
-0.10845795141336495 
0.14804065405739875 
-0.21919351621386052 
-0.01888877413088596 
0.4806298362505967 
0.13074560677161517 
-0.192308145835771 
-0.24035375510107607 
-0.14495733503173464 
0.12738184917300516 
9.081719604786395E-4 
-0.08291998223331283 
0.014061728745421723 
0.12273176006381302 
-0.026084183642795262 
-0.12710291571441124 
-0.22027171186380326 
-0.0073046358499871565 
0.285626523723785 
0.2203288604229493 
-0.017640114564766184 
0.10871520425366707 
0.14393445303920666 
0.4766402450064049 
-0.22719320091901093 
0.20782155368413016 
0.33448765931570873 
-0.12683011898267652 
-0.21991413683806435 
0.06430027423462997 
-0.1595172435556677 
0.17922802196840246 
-0.14945411545502169 
0.20677935508822218 
-0.236171011844156 
0.3076075286917145 
0.10043205292893105 
0.15055781602314275 
-0.012091456423030809 
-0.2698045850269588 
-0.08746778093709172 
-0.10008484145906148 
-0.20770291049948378 
-0.1491393272208026 
-0.12712892775204918 
-0.12614563642910762 
0.30871115078875916 
0.17141309267564528 
0.008592154077421936 
-0.02416076132475358 
0.004608103161112263 
-0.018085958926319312 
0.13931090140254768 
-0.07660791940925822 
-0.17694552649760628 
0.18891013764696477 
0.09710137110150435 
0.06331397159734871 
0.18937363894193188 
0.15179616289511752 
