200 1
-1.0168272973911867 
0.7488157635544807 
-0.022513239229593723 
-0.09996759954151657 
0.9463763705834798 
0.8669017139557872 
-0.09536020065139059 
0.5276968772576113 
-0.9452395346443907 
0.9431047272912583 
0.2721876698402446 
0.12904108727080757 
-1.7651010261443454 
-0.03344903560237169 
0.2605932277366585 
-0.4237775017984686 
1.104643889449711 
-0.38402120288946556 
-0.1715233946807291 
-0.36479183249200475 
-0.34752177286443386 
0.3111574323485171 
-0.152985009020505 
0.2100993042651016 
-0.5286982551266385 
0.3554131405987423 
-0.3173708259351897 
-0.8165608049688534 
-0.7883179292690202 
0.990455566813472 
0.5441167271176782 
-0.11079020944674886 
-0.3534597355790985 
0.845066169135711 
-0.7893902529183247 
1.3710490022428043 
1.3597661535133312 
-1.0367958646224347 
0.6545944043196296 
0.49733328600054055 
0.677886315422183 
-0.34189779578677926 
0.7786536060924152 
1.7263879989580246 
-0.07225160472470686 
-1.9942321306719477 
0.667248999559246 
0.9938446227575604 
0.1425198430984985 
-0.06020569917350947 
1.7228999873096562 
0.5160055389798415 
0.5013405158898394 
0.59600977914742 
-0.7905578341484495 
-0.40962251700851193 
1.081125980839285 
-0.4827939285829724 
0.25562630570846223 
1.0753125246863138 
0.5422490476756945 
0.4006474169242614 
-0.5318708090576063 
0.040802001338062756 
0.17162970403568747 
0.657274172404092 
-0.6557344567706777 
-0.049618844573070045 
-0.3912597896217647 
0.9079786289554614 
-1.3268610645058043 
0.013102282105437589 
0.3901124047499214 
-0.4010643054938174 
-0.38992076297132616 
-1.262397626015185 
-0.9701122414321183 
0.23391324589057927 
-0.04256373999582731 
-0.412277066406658 
-0.27962568710703783 
0.7460545987805026 
0.35300084642144586 
-0.3981848086097206 
-0.9264151985026787 
1.3646218701782218 
0.10453684611001296 
1.0180123669788617 
0.05259663761674516 
-0.7576413451346815 
0.5585650283278757 
-0.1711062715622641 
0.39977953763042823 
-1.3946431618848543 
-0.991128625465957 
0.05601278665932469 
-1.1951053817879806 
-0.5672283346801179 
0.03816820384676674 
0.13390500108462491 
-0.16972243514160537 
-0.522277173378765 
0.06898897858584566 
-0.004792857487016992 
0.9260598510852761 
0.0961169236849426 
0.8349254371639182 
0.03381546954046417 
-0.736927696758174 
-0.8381588627643239 
0.2545669464893882 
-0.25328870817943266 
2.1463394869701946 
-0.652774273905137 
-0.27496988281616186 
-0.26381139664049713 
0.2649476295736099 
0.7297398603168315 
-0.933405478742571 
1.6831828883896682 
-0.08115134583596033 
0.7425985239717886 
0.6485065208028381 
-0.8597264078851252 
0.11405545585481669 
0.9186494087188448 
0.8649056714140018 
-0.25823810370854083 
-0.09471863643460905 
1.081562328680014 
-0.7860923098115526 
-0.4149141881099304 
-0.6316214285862306 
-0.24567348033307618 
-0.3072078605087429 
0.43089832053324634 
-0.212487579792398 
-0.7332688407046872 
0.4540734729720252 
-0.8121401585781554 
-0.9301963971097091 
0.41037521602986327 
-0.6014822257657029 
-0.24731775534002964 
-0.33283942141262857 
-0.23707739545637246 
0.10711615867221748 
0.6572714026940634 
0.5288628403075947 
-0.6872628451245555 
0.3484565278413461 
-0.23706559787178488 
0.3853355074005379 
-0.04077277111410995 
0.7670594997030873 
0.17338122621408514 
0.45827264117573485 
0.5546867665271612 
0.34353668743909055 
0.3095541930790397 
0.10097115813124669 
-0.2916044533807247 
-0.8174416850432698 
-0.26633232323270056 
-0.17490393697590711 
0.4215829100263516 
0.07344067703453663 
-0.5566704796928449 
0.057693650483589494 
-0.2276766584992792 
-0.02661040713569565 
0.4291736080976332 
-0.14298386619181078 
0.3788192679062653 
-0.24301709778748515 
0.011126764240340465 
-0.24785720446779305 
0.36565817302436704 
0.4618082513193984 
1.1941855037341975 
-0.4449472154010292 
0.4642809207783689 
0.20430302941923267 
-1.118907934361076 
0.8676666531979346 
0.5672790911805768 
-1.3781870585480511 
-0.1101197054452101 
0.047303214900448816 
-0.30111291823410097 
-0.13650390820180658 
1.1299075375503802 
0.2750192413316709 
-0.6815379805280849 
0.29042882139128984 
0.1893569653590422 
0.7847309460389688 
-0.10383914368324589 
-0.9227497903705887 
-0.9193994189470738 
