200 1
-0.051455247994944914 
0.03875693465009997 
-0.3467298743253004 
0.01462050776914618 
0.0637762235156116 
-0.02220391685806273 
0.2773846897239517 
-0.1344362416607606 
0.3124906632785923 
-0.07082699452243225 
-0.2983577627288365 
0.38675900176972494 
-0.24418998033346948 
-0.14000541504899466 
-0.26237682740080764 
-0.3383204941217686 
-0.14902015300007823 
-0.0045037684947934154 
0.2089442225097403 
-0.3790386214931698 
0.11066491196894315 
0.3178264861747947 
0.05479787454443504 
0.6073184986153733 
-0.1036367107873137 
-0.02289300322958337 
0.268367876333639 
0.23287625666639836 
0.3584018742584825 
-0.12299107727325587 
0.6557939904111593 
0.1358633904693787 
-0.18518643868641635 
0.2909365337307392 
-0.03267287909735949 
-0.5215755079438698 
-0.005231668055336956 
0.18018055135589672 
0.05424781784008424 
0.41489299018088033 
-0.26680519239043915 
-0.4673883054082539 
-0.34681616933636905 
-0.01725052494307758 
-0.19543553146455883 
0.04762860340412576 
-0.18632713004548002 
-0.04771237003083014 
-0.5584085025159784 
0.3249803591826076 
0.3398294489265694 
-0.1747621035540302 
-0.03921360201033178 
0.2013163746730342 
0.33235665271724135 
0.23339801355514925 
-0.12170511211425086 
-0.27646459465791123 
0.07057125391895504 
-0.1364571529801832 
0.27010707245011223 
0.0569336605867677 
0.14821041771194296 
0.044667219553010847 
-0.10912163759783411 
0.26258463146397665 
0.22295807725172814 
0.4830161133941331 
0.08441551542713736 
9.223799523704392E-4 
-0.5414739498382072 
0.019985187521726767 
0.10511294847465627 
0.24221938768926285 
-0.10526373017410318 
-0.18001273124900286 
-0.26077315585794636 
0.23789232745083722 
-0.00473552526826318 
-0.11504596368693307 
-0.030398464577074062 
-0.049148663460986945 
-0.18537752534154592 
0.19338332714213988 
0.30943901035191346 
-0.009695121622176516 
0.08763183997237046 
0.24351933812820598 
-0.35350199621382383 
0.36921763089281745 
0.18602675964580948 
-0.20065026000418534 
-0.35510551729911566 
-0.16430928828622673 
0.3304644966408108 
0.11786231063812981 
-0.4181418778315794 
-0.01981739846086708 
0.08400007128168936 
0.2504218816606522 
-0.009472415583352075 
-0.6579027991896755 
-0.34623587232797687 
0.13718971505937666 
-0.3437050365908468 
0.06177760458117749 
-0.40077007596915987 
0.3422796819867083 
-0.08186829154111838 
0.03696524457300892 
-0.1808273267953102 
-0.25853228721569294 
0.2128104613985822 
-0.37716492770031224 
0.011628508065363913 
-0.14214376051672356 
-0.37443718263595527 
0.11938251670747338 
0.2122522819490686 
-0.08255498821894652 
0.4092227849892508 
-0.1672104959284028 
-0.16899090676415732 
-0.37050656702137297 
-0.2024366197329996 
-0.2035939712422912 
0.23483115976604585 
-0.348251456391151 
0.25891095960708815 
0.22758999899190183 
-0.013219423959468813 
-0.20510267607599977 
-0.1683819589492098 
-0.20372689308427844 
0.09150319918092101 
-0.18939577916440625 
-0.09062864132798007 
-0.16243218888443975 
0.1350592415143293 
-0.12167441403763923 
-0.10733414381754372 
0.36135531446443475 
0.07425048995381835 
0.25663632274633685 
0.1935714593801082 
-0.14237046019889474 
-0.005476354662480612 
0.0898377469510526 
-0.11141917835175495 
-0.17022241504359717 
0.07645897857694352 
-0.025172776419583782 
-0.24446705103026087 
0.26777250297272287 
-0.13556966682568286 
-0.0917281704320172 
-0.41736224010679235 
0.29162931695985045 
0.03024175384446064 
-0.16107061390708532 
0.17343467777113286 
0.13561755530245984 
-0.22228640549139492 
-0.13571191004518646 
-0.44120174409221435 
-0.06831344920237319 
0.08316327879687166 
-0.13694711406386184 
0.30388831326816873 
0.1883033295204104 
0.10841947625895094 
-0.14482568502583928 
0.1789172634803714 
0.2506990060378134 
0.014268243585588251 
-0.048198354625657455 
0.30649221111921543 
-0.3563845125440274 
0.23918158109097062 
0.19258507695244403 
-0.1166442369866745 
0.00433249869212632 
-0.4523384556877999 
0.06502046377908535 
0.43791446916022836 
0.04935243732511902 
-0.4095261277762437 
-0.037205587164424396 
-0.007402711510417416 
-0.25031212380257023 
0.31647090382947035 
-0.028979094330563587 
-0.41455679354841635 
0.21383280266905014 
0.21510201842892712 
0.11395695974706034 
0.3425520100355907 
0.20448298236836238 
0.1993800829811361 
0.273493165308797 
