200 1
-0.29921440197991594 
-0.3041221356833889 
-0.29972024003774106 
-0.38148621592000026 
-0.35140963748164294 
-0.32292703299275993 
-0.7643663749109076 
0.11234232915103667 
0.02544314088602657 
-0.11366859750374812 
0.3050261992811195 
0.618961740893308 
0.27327319056099 
0.6091998882456884 
-0.18615573920168457 
0.890986621528123 
0.24277783989399063 
-0.220415212956276 
-0.019674274479017265 
-0.246869778440246 
0.5697624630036271 
-0.4791685613792814 
0.14211763820698123 
-0.18804336819583123 
0.25902379080457794 
-0.5604879345711267 
0.4436697389674755 
0.8601235668596827 
-0.010708442419787658 
0.26014164477226687 
0.2110358786688942 
0.09435206916570099 
-0.05507956772206855 
-0.3588136154867782 
-0.8991854874465525 
-0.16670540583200766 
0.2884291134433869 
0.7520669347700335 
0.05657851515450468 
-0.22574745383438985 
-0.2621587119321852 
1.0214266782610182 
0.4736195819706568 
-0.06462953286111528 
-0.31058951018521763 
-0.006914691906045149 
0.8526611755811256 
0.004814209483459515 
0.1315124067037242 
0.11010072340014351 
0.14906561275833927 
-0.6082389130162885 
-0.6454650655283984 
-0.5154329509702232 
-0.34507088413604664 
0.3540756048258435 
0.23016706626444877 
0.20880750049398844 
0.2660403233670441 
-0.3318391494058373 
0.06444355652546056 
0.0034927563610595135 
-0.5889212748293929 
-0.18679558613933528 
-0.6182470563835166 
0.007930775155689688 
-9.594471125797498E-4 
0.4143334347281219 
-0.37595890588411846 
-0.28753585614431115 
0.35491910461485626 
-0.16693786223135298 
0.05273618491294374 
-0.12243630476418925 
-0.3691239878506023 
-0.3213885934199464 
-0.05485465270868123 
0.21787906506706534 
0.6235625408550617 
0.11250333652993198 
0.5572550638445051 
0.48550286207707244 
0.23417964798485197 
-0.37415185853589294 
0.4131188832034521 
-0.338678127533499 
0.6763462132679074 
0.015034400965779592 
-0.03340568611829579 
-0.5004779227301301 
-0.24978598820713913 
0.6636355098608766 
0.1833187422893876 
-0.06324304167560336 
-0.24772962718392413 
-0.08378863194973578 
-0.6032174673486469 
-0.3952675644440541 
-0.8891102440650497 
0.07648098722211313 
0.32403961436576606 
0.2646241527682048 
-0.38804958318435134 
0.0818973530552172 
0.1434650799436987 
0.10144202403218802 
0.4303985015391604 
0.5364764676276372 
-0.7034313862708793 
0.11854850119441208 
0.009755303341038933 
-0.19319540152622158 
0.02087141459869693 
-0.4895278173596859 
-0.2563954145123401 
-0.35872547103291863 
-0.15209106737312172 
-0.11583164055726193 
-1.2558168979092033 
0.8429622348851118 
-0.3471351022062733 
-0.029333968092597893 
0.12268990769944511 
-0.218209666114372 
0.17172612158165498 
-0.4608942599081259 
-0.4277545854300586 
-0.36860573312155076 
-0.18916037119019263 
-0.5504913420173162 
-0.024225409627689678 
-0.6570127550904235 
-0.2537974385361031 
0.30071531789775613 
0.12826726258223015 
0.6402171735503358 
-0.3016597383607547 
0.5213590569772836 
0.15312933335162307 
-0.42229135145158075 
-0.24849863269333378 
-0.14931017905414642 
0.8230554514482065 
-0.35096135147209295 
-0.5255903305080167 
-0.19764489539644084 
-0.88259834865673 
0.28958503835903066 
-0.4029725424304867 
0.07649476937357041 
-0.11744997271964022 
-0.19046244354356776 
0.018322663725577032 
0.49435445928866756 
0.013578750574509555 
0.4795704383683602 
-1.045339005873885 
0.19939094278740707 
-0.3373432325006893 
-0.03463879440031691 
0.5653810609330494 
-0.27007613678540077 
0.114657066644069 
0.7097880068034009 
0.4940571591479193 
0.12680610271356518 
-0.19651566299609302 
-0.03309276279710559 
-0.320179599225544 
0.22415694181452678 
-0.12636413829130594 
-0.17563415977701388 
-0.09164673764795106 
0.013566362716462717 
-0.010774374081356201 
-0.014313493010290085 
-0.5601170977967883 
-0.8163736215533774 
-0.18764649376904702 
-0.002217207104274816 
0.25095860551240545 
-0.029804983111960243 
0.9149932077203823 
-0.2239464619142192 
0.08269031543985171 
-0.7978415366348951 
0.07840594628565299 
-0.17077462719722528 
0.5286414230615388 
0.4096406363679393 
0.1867845448364496 
-0.39958544729902873 
-0.0682047375281635 
0.223652608805235 
-0.24994520050174238 
0.01918092854913842 
-0.9102414556089788 
-0.6207448981515745 
0.15992935765680685 
-0.546867977357978 
