200 1
0.6214657157837946 
0.1485482680049411 
-1.0119910851028884 
0.2882666794580685 
0.03030781228865679 
0.0715210786997865 
-0.23693152278988763 
0.37465397947872947 
-0.43125357321661567 
-1.2559443594453958 
0.9575335640566739 
-0.739970388860471 
0.5712382749197968 
-0.2841379997615041 
0.43469047684038453 
-0.6547980844038541 
0.26481599693889735 
-0.9884628470273231 
0.48062128789207914 
0.4074515653129967 
0.4128181506724294 
-0.054614447253371314 
0.37485371274926055 
0.06899292746328474 
-0.3219307352630996 
1.3885052570265917 
-0.0526406336025572 
0.6856559446164866 
0.6467520289700588 
0.3304621122847685 
-0.16105024489084424 
-0.04803302866554971 
0.5702300221591824 
-0.22255643061299799 
0.6279101715879872 
0.49195458482182663 
0.2301116304569699 
0.3260051585452419 
-0.5220703375503876 
-0.029653018434047166 
-0.5808349109446977 
0.6205828923921498 
0.4619541876391561 
0.11349795051707595 
-0.20256177918698667 
0.45050692935251496 
1.4228239820986668 
0.3270962682900997 
-0.0070595511552238414 
0.14606100937123448 
0.2190576793801719 
-0.207767821281689 
0.5695294860153473 
0.4082144716290214 
-0.9557800511836624 
0.8549245420816772 
-0.4521855005342421 
-0.2183530017573546 
0.12305978874073166 
-0.455203864778181 
0.9322715522327583 
0.6799310832236596 
0.9454919448190657 
-0.0683161763491403 
0.5758591115858868 
0.10179799642497991 
0.3348655325433577 
-0.6360229064410525 
-0.2963637405735592 
0.418607016492026 
0.3762219029773498 
0.11011081010004127 
-0.1555237981313561 
0.3448850861102532 
-0.024443885887672174 
0.4404583807749273 
-0.9266079892985979 
-1.3442533566047283 
0.620060030305223 
0.9910659640904435 
-0.5901664605935953 
-0.3591653337924183 
0.3578998954850672 
-0.9996221394791064 
-1.106413006585193 
0.2058942709508012 
-1.0577838950849128 
0.2695124646105422 
0.9435406647537017 
0.5356876864810474 
0.4533104150410583 
0.8121470752983281 
0.3137472132198767 
0.022410088162885814 
-0.6153472330419336 
0.21882609060316796 
0.47292602741087436 
0.11807280473892891 
-0.6840536878694723 
-0.894385208444698 
0.6129705993205666 
0.6267001700707033 
-0.10327595014448865 
-0.902734559711694 
0.009018979316135987 
0.03285656362505006 
0.3361255658526181 
0.02226776717949197 
0.09057194265893431 
0.32566514324109125 
-0.2482840804733402 
0.2780127014054159 
0.16373414435755063 
-0.4633227317640732 
-0.2799603409530301 
0.7661924584371864 
0.6506501813114149 
-0.04387574062552754 
0.6414510592770998 
0.4410506643941605 
-0.4549261744133709 
-0.8557522569068965 
0.3836171838275932 
-0.7562631385916485 
-0.9218215588439705 
-0.18706664869062592 
0.2387552443780341 
-0.17989977079059766 
-0.006843473670609453 
-0.2792321387800519 
-0.03292808014490339 
0.6545221351843632 
0.5454179144286977 
-0.9621470377609234 
0.2519059514528718 
-0.6258116232449101 
-0.7579674837891239 
-0.07056932369053959 
-0.6549184356705599 
-0.12980342695436323 
-0.3463236855582003 
-0.541755754180673 
-1.4631073737390412 
0.3439523275804461 
0.6887918481763678 
-0.24561339036302676 
0.4599555040168447 
0.5763094422556923 
-0.4051369688833023 
0.9621387994499737 
0.5228659175326152 
1.3225683890123374 
-0.48613676835640207 
0.2920624800034772 
-0.31889281995179497 
0.020118413380647588 
-0.54041514895313 
-0.8570040237166818 
0.2403119356499832 
-0.1924378758523994 
-1.11411977124492 
1.439418067618581 
-0.8078525740688849 
-0.7958474388878616 
-1.3163232750860316 
0.11210631799785943 
-1.2102762096569926 
0.08184945933702922 
1.3353323013897038 
0.692237695241583 
1.2715477606353995 
0.4317944775198487 
-0.4676125932132611 
0.3739772697457896 
0.49161721833285077 
-0.5276586760333936 
-0.6288702056081364 
0.3254895329495713 
0.45019544211140144 
0.07206327100346041 
-1.0431948338687922 
-0.4134190695325405 
0.4935371317128443 
1.2355639396623683 
0.06221700095103312 
-0.0036012936361876106 
1.195894352616897 
0.15891996406210307 
1.0728028953313926 
-1.3397151475807192 
-0.4700639826799241 
-0.22953623559334696 
0.4363731029349332 
0.04841991235227528 
-0.005637139435580851 
0.19071035871499512 
0.24226462331592535 
-0.02947534779855377 
-0.17763801810940585 
-0.5473418296043794 
