200 1
0.324709331009438 
0.27489549878573916 
-0.7119527260490236 
0.13638436954191574 
0.038007574938354514 
-0.3597473537619113 
0.6377409336587359 
0.47828547844411 
-1.0649990132048608 
0.10479021918734464 
0.18574687962542755 
-0.09828793872209962 
0.49374891992842135 
0.2512927304641993 
-0.7180613370922276 
0.0572635947166613 
-0.21951271686561172 
0.15646568430806285 
-0.1197865512864177 
0.6911288530655768 
0.47476347829273696 
-0.5221192526107571 
-0.37074385470699045 
0.2723185202773321 
-0.047397952641286774 
-0.06258595780833877 
0.880902397227275 
0.2750628431534515 
0.48183849455187516 
-0.02332768386314572 
0.7438850676033767 
-0.052416124255141194 
0.2826883961847338 
0.14259494340626247 
-0.09105866805637644 
-0.2759531882252345 
-0.2737096916750737 
-0.3483953991439263 
0.03249579546524875 
-0.05347561136845066 
-0.13942640167730166 
-0.3757480705013828 
-0.12069869437819584 
-0.3100903087604116 
-0.2618238591837603 
0.3326111412649313 
-0.07595205123759724 
0.08853702394487739 
0.6038096192487323 
0.55652907915856 
-0.17908300989331202 
-0.04579910190054917 
0.7224484202201521 
-9.684511636440223E-4 
0.7687093228834175 
-0.3107707856617365 
1.3328064939558478E-4 
0.0682525901321912 
0.1474360586237526 
0.09135201998030705 
-0.3044448871237006 
-0.021780208116313923 
0.1961489344672191 
0.07556018330580166 
0.8312178488206358 
-0.36433923936957907 
0.36502764504620844 
-0.3140147108406674 
0.4695363146111275 
-0.2459823944182207 
-0.33824994487352256 
-0.20952838774201935 
-0.509182215614647 
-0.7791431700290653 
0.19928735698059188 
-0.06505858972408594 
0.02668355787033573 
-0.6456547320287163 
0.13127368076619356 
0.5977434657395753 
0.589391081738592 
0.23583092491924648 
-0.20766835739506107 
0.12447943772349182 
0.1198911412771515 
0.45769568646786585 
0.16244292857133016 
-0.3252133237562167 
-0.45502563482756625 
0.4931061177018101 
-0.16451941439481188 
0.8972773856692721 
0.16791463511045845 
-0.2290062504786378 
0.4326926513658146 
-0.06151923606284123 
-0.2879809533138583 
0.3394655684442148 
0.00175047341673669 
-0.017267897312176105 
-0.8883340841680285 
0.33176598942979785 
-0.3367859951009339 
0.3111694042380212 
-0.3175590543416156 
-0.8812122970436528 
-0.043166121059349735 
0.12121363814341207 
0.9716998151337197 
-0.08202722520965414 
0.08461242039515599 
-0.1339225950593093 
-0.5061463764677381 
-1.127983011680855 
0.3460466119743281 
-0.02996223903552021 
0.44299674464791894 
-0.8930093636696506 
-0.4878127684613617 
-0.05677930265554368 
0.015406908561148158 
0.22307916585151158 
-0.5038178285145829 
0.23469640850835538 
0.19531652775188532 
0.8909097414256272 
-0.27671393058352484 
-0.32818672898074747 
0.40877235692087677 
-0.09776964079010651 
-0.3133284781369843 
-0.1972681366518724 
0.02752693555994913 
0.4199603642627913 
0.20736683259583166 
0.41107430241081755 
-0.164829592700712 
-0.00825641382186285 
-0.2462759211258799 
0.03000838131871435 
0.18891089168295774 
-0.434104142004216 
-0.28764596532466735 
0.11633892193649722 
0.3287634747579619 
-0.48963521733373294 
-0.33422560080459063 
0.2637010737386692 
0.16307441769024994 
0.274848825437496 
-0.22105913413194872 
-0.16818642322544763 
-0.13283771296865032 
-0.27039285307328165 
-0.4228334133957357 
0.15517911897012077 
0.016748862664179198 
0.030703706994637956 
0.9007844750334024 
0.023863568501361187 
-0.450310893256958 
0.1759643070166613 
-0.15133570939222613 
-0.012596521259929112 
0.4330915327952315 
-0.18307784462078663 
-0.009939959155773372 
-0.06718125782189827 
-0.09419567169960429 
-1.0198474969654594 
-0.5076599428431721 
0.6621171688462929 
-0.4867944450752574 
0.1778152515948651 
0.6951527575708218 
-0.23172044347456586 
0.032098910552644626 
-0.5044920075518432 
0.0992839244670341 
0.36735918181158805 
0.36932312587054145 
-0.4493958446004614 
0.5713065170950204 
0.16377784946072713 
-0.10033217177476271 
1.0906038974670436 
-0.04618442922897105 
-0.16078960768225684 
-0.14008514169706351 
-0.3273790359100302 
0.2437924406362968 
0.3918500419994534 
-0.7321343574692568 
-0.2598149026277792 
0.34451372688601256 
-0.2503760077970254 
-0.13905782881042264 
0.19895476452832858 
-0.27976034307204356 
-0.008608994861090347 
