200 1
0.15579407884311747 
0.01735244038829231 
0.14204105581594778 
-0.21194706116568499 
-0.3986012859716334 
-0.12862290689020145 
0.1458841258923393 
0.4447243458996752 
0.594788823479086 
-0.24846352280199638 
-0.12108063435483848 
0.5083705289118804 
0.17786988627594777 
-0.251995486767083 
0.5146736931614498 
0.32100465071071893 
0.6669837666680959 
-0.3280542171110647 
-0.21562950156119218 
-0.10484985741900874 
0.01178843612779896 
-0.5739289028499078 
-0.6148192372676649 
0.11673719986015457 
-0.08328098661250788 
0.35183982199906155 
-0.3034332248996148 
0.5454936348508046 
-0.09680060204964637 
0.024159074122629527 
-0.43853301210498546 
-0.3250434950383991 
-0.030614048280526707 
0.2845977323814986 
0.011210569024016057 
0.38831837658632357 
0.02691076564301419 
0.3280114382085884 
0.43500024737052356 
0.24105558842875593 
-0.09245739960562996 
0.19065770681980648 
-0.6694038318207609 
-0.6005914273379777 
0.3455330133559998 
0.13551419666231346 
0.3025726710460229 
-0.042611685519293424 
-0.2153002643571159 
0.10793675956345575 
-0.027256824540458222 
-0.3979075063945012 
0.08446873854233054 
0.27701072842148017 
-0.2736740248043925 
0.1472508897763084 
0.13870262953497983 
-0.14152515751774733 
0.2730816067651456 
-0.05643370095535968 
-0.16353784988210873 
0.22967348723800213 
0.8973956309177319 
-0.38500654667076756 
-0.0357378447507519 
0.10513953732826396 
-0.22685404999551448 
-0.20036729026285602 
0.6845512197591421 
-0.25545496508970644 
-0.17045520974979864 
-0.22755823585520146 
0.08885304865837892 
-0.3288412782874518 
-0.39608658230613497 
-0.11520915293448258 
0.0392467484548934 
-0.4055660917872838 
-0.13130049420672307 
0.36444585681449454 
-0.20820325209228135 
-0.29338019026168305 
0.2604485740191486 
0.04474722864872896 
-0.11097138649301823 
-0.2626024786051945 
-0.11700286401974651 
0.16945479554362522 
-0.24198036431564518 
0.22134371104286038 
-0.2790289697945401 
-0.23252668618790287 
0.42630654808523005 
-0.40944642051407354 
0.052353291130584095 
0.18098668554135108 
-0.07172209589640552 
0.41950265360890143 
-0.017688761913429954 
-0.10008819751312678 
0.23801818361308932 
0.13544642188261533 
-0.17582441049846748 
0.16784624293313755 
-0.024953104441896724 
-0.11460996955516124 
0.7041135140372384 
0.43293557153677636 
-0.291469412822294 
0.5280598946607892 
-0.23999485376754473 
0.10191009909546779 
-0.3323311450173419 
0.11793825738944484 
-0.39529137462273195 
0.1321027006798599 
-0.12172840816022228 
-0.05067445834286445 
-0.4588519591829753 
0.07784192881914768 
-0.11817576905116 
0.4593363597342443 
0.20870161555109043 
0.08244962600581204 
-0.024307463614914027 
-0.26304882742900865 
0.23338207219327667 
-0.25775090699075215 
0.5273116399294583 
-0.00984580106449924 
-0.018844365858484414 
0.12736336894391112 
-0.14655708387797486 
-0.4093862832946568 
0.12138662659491553 
0.2591328336372232 
-0.41623436665336433 
-0.14581199565856284 
-0.054613733222319286 
-0.38403727969540097 
-0.5079341344633551 
-0.06987993109072128 
0.07332250670523728 
0.2859108499425785 
-0.19110700628732613 
-0.0733148457469779 
-0.38276857664362013 
-0.2818832417909248 
-0.21236057921695514 
-0.487314951783031 
-0.01070555586962545 
0.3327922409304425 
0.20005250158185536 
-0.22998641428135977 
0.5832368731772145 
-0.6473362084540728 
-0.035085552947946894 
0.8997259146852868 
0.3544709224491196 
0.04878205173822868 
0.06296835959408678 
0.279080568571594 
0.349592531925232 
0.40658589087924824 
0.17015183344676513 
0.06037431518858573 
0.798643086390936 
-0.276950063947047 
-0.2059994686366064 
0.1464040924514577 
-0.27731905998749895 
-0.16968049393756082 
0.2916172526293044 
0.036355712246049325 
0.1352383981722921 
0.07823431073825902 
0.7373827313624982 
-0.03459528058401428 
0.07654389918627279 
0.11355389757783238 
0.007440192068198733 
0.403223990016011 
0.028367025505939822 
0.20504208777179495 
-0.21346948532112744 
0.13764001743427343 
0.29621296130017694 
0.2258559105858986 
0.20325095165641777 
0.030356750515348096 
0.02195563120411472 
-0.2162042443371175 
-0.2728198915582815 
0.3385187600985147 
-0.25261413180843423 
0.39233285629159176 
-0.12233224623104161 
0.012398297405971032 
-0.23493815397605747 
-0.2499673489722613 
