200 1
-0.09191304842296565 
-0.012215146130132958 
-0.0999320492878553 
0.16526215439158595 
0.1642909639254508 
0.0061698304121243965 
-0.5373734898555405 
-0.10819891025098598 
-0.04764177042472462 
0.0040865759926170305 
0.23824715243630515 
0.31491811215672166 
0.21118883613670816 
0.5069506018405088 
0.061559749907463185 
0.17095138831779613 
-0.21361463421795032 
-0.10845103878006576 
0.491886042714301 
-0.030174292019879125 
0.05844300268026249 
0.09375029124091509 
-0.0596316870809874 
0.1553965059556703 
0.18632509034912578 
-0.21789812504870576 
0.3256757942596244 
-0.012901197634941304 
-0.12773135999920904 
0.0655716436576688 
-0.14921964545546795 
-0.44197590044709606 
-0.2119881057179993 
0.12885418533592588 
-0.5869552769647786 
0.28374136081960527 
-0.17798932381990956 
-0.32324083881087695 
0.11658113152627264 
-0.3236333107129816 
0.0071934021101206025 
-0.20614918964222884 
-0.2465619248688862 
-0.027036992162793035 
0.24867420273191404 
0.013996172136946792 
-0.3089500090837512 
-0.4023249239863421 
-0.08985260874601703 
0.30829245878659134 
0.23699011177544096 
-0.16327667021327566 
-0.10135757681559569 
-0.10563631612166015 
0.511767869645415 
0.10702786283288651 
0.26223287474233137 
-0.4820351965495046 
-0.05799493966554469 
0.082478529152599 
0.18905682528513926 
0.5915341253935956 
-0.06467684158854715 
0.4833195866704123 
0.06781707260612799 
0.19486013028526236 
-0.12080319088629285 
-0.025163653638311197 
-0.3029881291164917 
0.05742015588089019 
-0.09263928119173885 
-0.12837483498751567 
0.26159497673016746 
-0.306323625513894 
0.2071673252476278 
-0.17915158217933153 
0.0017368477749049793 
0.17641904371608144 
-0.5306722448392172 
-0.16038546702862427 
0.15427543503351582 
0.4301552738151154 
-0.21574559370353116 
0.14900854927263144 
0.1628026714127397 
0.13598520706111447 
0.061568166396982336 
-0.26439908509520416 
0.12391469397259668 
0.12536281355023557 
0.0016060885023562897 
-0.23831990203561415 
0.41594427354066743 
0.006623546170528059 
0.019970841181507736 
-0.14770212958276013 
0.00346990079947391 
0.06098390073560158 
0.0938818059896144 
-0.3711276680941895 
-0.053157899229840294 
0.0519113333983105 
0.1082971854870161 
-0.257901381776956 
0.3106663449210581 
-0.08725595722495955 
0.17769491488647654 
-0.23812002881036243 
0.362836628591158 
-0.058310968990350126 
0.13070651156083335 
0.4584311324212635 
0.23421528924641533 
-0.0024071051709712177 
0.030190384965297613 
0.41819426466339593 
-0.16109658063184587 
-0.11527735912615905 
0.026538466881383282 
-0.14747673032248368 
0.010261369528476515 
0.058580386059631395 
0.02838621550006179 
-0.03245844763847537 
0.07918747720473586 
0.2016272533149021 
-0.29261613994513297 
-0.2721055387615691 
-0.24599691701449827 
-0.03267630740648205 
-0.07091526875568742 
0.29680437695356726 
-0.11998330565624388 
-0.26804720061529913 
0.2855259732997822 
-0.06337995702589135 
-0.12291266713640589 
-0.3973435293048192 
-0.2186982712309883 
-0.35985164838224304 
-0.3769444915153451 
0.14451866514996117 
-0.02255210063400904 
0.1271689274041627 
0.19431669615492306 
0.1012771164567048 
0.08721945319962433 
-0.0643521153064977 
-0.15651918552523575 
0.34220158669107054 
-0.08357699139028717 
0.29431736869732117 
0.2924862822478667 
0.17348757369381665 
-0.5084098357708167 
-0.23206986419134673 
0.07266512600376802 
-0.05022195695662588 
0.02128747755298217 
-0.007053665029802412 
0.05142491454103436 
0.0679171353883832 
0.055695784930535855 
-0.029881583040534274 
-0.14435814602238026 
-0.2830636868081788 
0.04314443540860827 
-0.1857278047142569 
-0.17957339989999876 
-0.14709700676857143 
0.1114096381872449 
-0.2796925024217269 
-0.19140231030509974 
-0.16592034628632 
-0.3940432612962512 
-0.15705933542629252 
-0.18110323361132957 
-0.30905633865415283 
-0.031530014655118836 
-0.02629893545630583 
-0.1689534369273843 
0.033044111488988365 
-0.49593615759996695 
0.1917646843157407 
0.17902963244745396 
0.07215530615194307 
-0.2935088839367911 
-0.035782416482170676 
-0.1654727839985596 
-0.34868257676790726 
0.2598019585929793 
0.2587631143424491 
-0.10363826017879925 
-0.612435076327632 
-0.10146613274680512 
0.17557395571790502 
0.37242160437994526 
-0.37247796394864935 
-0.07716015439877989 
-0.09635111715500597 
