200 1
17
5
16
12
7
20
15
16
26
5
18
24
9
15
31
7
11
29
22
28
27
5
17
15
5
18
21
22
6
8
9
22
10
17
19
30
27
2
2
26
22
4
11
5
14
8
30
18
7
10
12
16
17
17
24
39
22
3
16
19
16
5
16
18
31
23
18
30
50
4
25
13
32
26
8
18
23
22
12
3
1
27
19
24
14
5
5
7
23
26
2
17
35
1
51
11
14
28
1
19
22
2
32
9
10
14
18
4
17
22
2
31
9
14
5
17
46
17
9
17
5
25
9
16
27
30
4
35
25
14
13
30
2
26
10
49
4
25
1
16
6
28
9
23
18
5
43
16
17
10
5
28
19
22
2
11
33
9
7
11
36
10
22
30
9
11
23
7
15
8
3
14
41
10
17
30
32
12
2
5
6
15
19
35
10
15
4
16
5
7
14
23
43
14
3
24
12
7
49
24
