137 1
50
29
26
10
26
43
15
30
2
7
8
51
43
10
14
15
27
9
3
10
18
12
22
25
6
7
6
21
26
7
15
5
17
2
40
9
16
1
54
36
31
25
8
46
6
17
14
10
36
6
33
26
9
1
35
12
10
15
12
21
18
4
26
13
7
39
5
1
1
12
17
9
13
7
15
15
49
5
22
14
12
23
6
6
27
1
4
26
27
26
14
12
13
15
10
13
13
7
3
3
7
1
11
32
19
5
40
8
8
6
11
22
3
15
7
4
4
8
2
5
7
5
5
28
2
30
16
16
14
27
11
43
27
45
15
9
18
