182 1
16
34
27
12
37
20
28
27
17
34
3
19
9
22
48
30
8
26
32
29
15
38
27
23
19
2
38
11
23
31
24
24
33
27
31
36
17
23
24
28
15
19
8
35
17
17
17
25
29
25
10
9
24
31
43
34
39
42
8
6
10
12
26
23
29
8
17
22
26
15
5
16
45
6
10
19
15
43
9
30
6
12
13
22
10
13
19
3
12
10
13
42
12
24
18
40
41
19
19
24
10
31
60
6
35
25
28
9
6
25
37
38
22
24
39
9
39
50
10
36
20
16
21
18
7
26
28
30
18
16
17
32
45
4
26
16
10
31
7
13
48
19
19
21
22
39
19
32
28
4
47
35
21
9
15
23
33
54
27
18
19
17
27
10
40
2
23
25
7
31
16
14
29
14
28
16
21
16
29
14
46
14
