40 28
1 0 0 31 24 1 0 0 0 1 0 0 0 0 1 0 0 0 0 0 0 1 0 0 1 0 0 1
1 0 0 31 24 0 1 0 1 0 0 0 0 0 1 0 0 0 0 0 0 1 0 0 1 0 0 1
1 0 0 31 24 0 1 0 1 0 0 1 0 0 0 0 0 0 0 0 0 1 0 0 1 0 0 1
1 0 0 31 24 1 0 0 1 0 1 0 0 0 0 0 0 0 0 0 0 1 0 0 1 0 0 1
1 0 0 31 24 0 1 0 0 1 1 0 0 0 0 0 0 0 0 0 0 1 0 0 1 0 0 1
1 0 0 31 24 0 1 0 0 1 1 0 0 0 0 0 0 0 0 0 0 1 0 0 1 0 0 1
1 0 0 31 24 1 0 0 1 0 0 0 0 0 0 0 1 0 0 0 0 1 0 0 1 0 0 1
1 0 0 31 24 1 0 1 0 0 1 0 0 0 0 0 0 0 0 0 0 1 0 0 1 0 0 1
1 0 0 31 24 0 1 0 0 1 1 0 0 0 0 0 0 0 0 0 0 1 0 0 1 0 0 1
1 0 0 31 24 0 1 1 0 0 0 0 0 0 0 0 0 1 0 0 0 1 0 0 1 0 0 1
1 0 0 31 24 1 0 0 0 1 0 0 0 0 0 0 0 0 0 0 1 1 0 0 1 0 0 1
1 0 0 31 24 0 1 1 0 0 1 0 0 0 0 0 0 0 0 0 0 1 0 0 1 0 0 1
1 0 0 31 24 0 1 0 1 0 0 0 0 0 0 0 0 0 0 0 1 1 0 0 1 0 0 1
1 0 0 31 24 0 1 0 0 1 1 0 0 0 0 0 0 0 0 0 0 1 0 0 1 0 0 1
1 0 0 31 24 0 1 0 1 0 1 0 0 0 0 0 0 0 0 0 0 1 0 0 1 0 0 1
1 0 0 31 24 0 1 0 0 1 0 0 0 0 0 0 1 0 0 0 0 1 0 0 1 0 0 1
1 0 0 31 24 0 1 0 1 0 1 0 0 0 0 0 0 0 0 0 0 1 0 0 1 0 0 1
1 0 0 31 24 0 1 1 0 0 0 0 0 0 1 0 0 0 0 0 0 1 0 0 1 0 0 1
1 0 0 31 24 1 0 0 0 1 0 0 0 0 1 0 0 0 0 0 0 1 0 0 1 0 0 1
1 0 0 31 24 0 1 1 0 0 0 0 0 0 0 0 1 0 0 0 0 1 0 0 1 0 0 1
1 0 0 31 24 0 1 0 0 1 1 0 0 0 0 0 0 0 0 0 0 1 0 0 1 0 0 1
1 0 0 31 24 0 1 0 0 1 0 0 0 0 0 0 0 0 0 0 1 1 0 0 1 0 0 1
1 0 0 31 24 0 1 1 0 0 0 0 0 0 1 0 0 0 0 0 0 1 0 0 1 0 0 1
1 0 0 31 24 1 0 0 1 0 0 0 0 0 1 0 0 0 0 0 0 1 0 0 1 0 0 1
1 0 0 31 24 1 0 1 0 0 1 0 0 0 0 0 0 0 0 0 0 1 0 0 1 0 0 1
1 0 0 31 24 1 0 0 0 1 0 0 0 0 1 0 0 0 0 0 0 1 0 0 1 0 0 1
1 0 0 31 24 0 1 1 0 0 0 0 0 0 1 0 0 0 0 0 0 1 0 0 1 0 0 1
1 0 0 31 24 1 0 0 0 1 1 0 0 0 0 0 0 0 0 0 0 1 0 0 1 0 0 1
1 0 0 31 24 0 1 0 0 1 1 0 0 0 0 0 0 0 0 0 0 1 0 0 1 0 0 1
1 0 0 31 24 0 1 0 1 0 1 0 0 0 0 0 0 0 0 0 0 1 0 0 1 0 0 1
1 0 0 31 24 0 1 1 0 0 0 0 0 0 1 0 0 0 0 0 0 1 0 0 1 0 0 1
1 0 0 31 24 1 0 0 1 0 0 0 0 0 0 0 0 0 0 0 1 1 0 0 1 0 0 1
1 0 0 31 24 1 0 0 0 1 1 0 0 0 0 0 0 0 0 0 0 1 0 0 1 0 0 1
1 0 0 31 24 1 0 0 1 0 1 0 0 0 0 0 0 0 0 0 0 1 0 0 1 0 0 1
1 0 0 31 24 1 0 0 1 0 0 0 0 0 0 0 0 0 0 0 1 1 0 0 1 0 0 1
1 0 0 31 24 0 1 1 0 0 0 0 0 0 1 0 0 0 0 0 0 1 0 0 1 0 0 1
1 0 0 31 24 0 1 0 1 0 1 0 0 0 0 0 0 0 0 0 0 1 0 0 1 0 0 1
1 0 0 31 24 1 0 0 0 1 0 0 0 0 1 0 0 0 0 0 0 1 0 0 1 0 0 1
1 0 0 31 24 1 0 0 1 0 1 0 0 0 0 0 0 0 0 0 0 1 0 0 1 0 0 1
1 0 0 31 24 0 1 0 1 0 1 0 0 0 0 0 0 0 0 0 0 1 0 0 1 0 0 1
