200 28
1 0 0 24 18 0 1 0 0 1 1 0 0 0 0 0 0 0 0 0 0 1 0 0 1 0 0 1
1 0 0 24 18 0 1 0 0 1 1 0 0 0 0 0 0 0 0 0 0 1 0 0 1 0 0 1
1 0 0 24 18 0 1 0 0 1 1 0 0 0 0 0 0 0 0 0 0 1 0 0 1 0 0 1
1 0 0 24 18 0 1 0 0 1 1 0 0 0 0 0 0 0 0 0 0 1 0 0 1 0 0 1
1 0 0 24 18 0 1 0 0 1 1 0 0 0 0 0 0 0 0 0 0 1 0 0 1 0 0 1
1 0 0 24 18 1 0 0 0 1 1 0 0 0 0 0 0 0 0 0 0 1 0 0 1 0 0 1
1 0 0 24 18 1 0 0 0 1 1 0 0 0 0 0 0 0 0 0 0 1 0 0 1 0 0 1
1 0 0 24 18 1 0 1 0 0 1 0 0 0 0 0 0 0 0 0 0 1 0 0 1 0 0 1
1 0 0 24 18 1 0 0 0 1 1 0 0 0 0 0 0 0 0 0 0 1 0 0 1 0 0 1
1 0 0 24 18 1 0 0 0 1 1 0 0 0 0 0 0 0 0 0 0 1 0 0 1 0 0 1
1 0 0 24 18 0 1 0 0 1 1 0 0 0 0 0 0 0 0 0 0 1 0 0 1 0 0 1
1 0 0 24 18 1 0 0 1 0 1 0 0 0 0 0 0 0 0 0 0 1 0 0 1 0 0 1
1 0 0 24 18 1 0 0 0 1 1 0 0 0 0 0 0 0 0 0 0 1 0 0 1 0 0 1
1 0 0 24 18 1 0 1 0 0 1 0 0 0 0 0 0 0 0 0 0 1 0 0 1 0 0 1
1 0 0 24 18 1 0 0 1 0 1 0 0 0 0 0 0 0 0 0 0 1 0 0 1 0 0 1
1 0 0 24 18 0 1 0 0 1 0 0 0 0 1 0 0 0 0 0 0 1 0 0 1 0 0 1
1 0 0 24 18 1 0 0 0 1 1 0 0 0 0 0 0 0 0 0 0 1 0 0 1 0 0 1
1 0 0 24 18 1 0 0 1 0 1 0 0 0 0 0 0 0 0 0 0 1 0 0 1 0 0 1
1 0 0 24 18 0 1 0 0 1 1 0 0 0 0 0 0 0 0 0 0 1 0 0 1 0 0 1
1 0 0 24 18 1 0 0 1 0 1 0 0 0 0 0 0 0 0 0 0 1 0 0 1 0 0 1
1 0 0 24 18 0 1 0 1 0 1 0 0 0 0 0 0 0 0 0 0 1 0 0 1 0 0 1
1 0 0 24 18 0 1 0 0 1 1 0 0 0 0 0 0 0 0 0 0 1 0 0 1 0 0 1
1 0 0 24 18 0 1 0 0 1 1 0 0 0 0 0 0 0 0 0 0 1 0 0 1 0 0 1
1 0 0 24 18 0 1 0 0 1 1 0 0 0 0 0 0 0 0 0 0 1 0 0 1 0 0 1
1 0 0 24 18 0 1 0 0 1 1 0 0 0 0 0 0 0 0 0 0 1 0 0 1 0 0 1
1 0 0 24 18 1 0 0 0 1 0 0 0 0 0 0 0 0 0 1 0 1 0 0 1 0 0 1
1 0 0 24 18 1 0 0 0 1 1 0 0 0 0 0 0 0 0 0 0 1 0 0 1 0 0 1
1 0 0 24 18 1 0 0 1 0 1 0 0 0 0 0 0 0 0 0 0 1 0 0 1 0 0 1
1 0 0 24 18 0 1 1 0 0 1 0 0 0 0 0 0 0 0 0 0 1 0 0 1 0 0 1
1 0 0 24 18 1 0 1 0 0 1 0 0 0 0 0 0 0 0 0 0 1 0 0 1 0 0 1
1 0 0 24 18 0 1 1 0 0 1 0 0 0 0 0 0 0 0 0 0 1 0 0 1 0 0 1
1 0 0 24 18 1 0 0 0 1 1 0 0 0 0 0 0 0 0 0 0 1 0 0 1 0 0 1
1 0 0 24 18 1 0 0 0 1 1 0 0 0 0 0 0 0 0 0 0 1 0 0 1 0 0 1
1 0 0 24 18 1 0 1 0 0 1 0 0 0 0 0 0 0 0 0 0 1 0 0 1 0 0 1
1 0 0 24 18 0 1 0 0 1 1 0 0 0 0 0 0 0 0 0 0 1 0 0 1 0 0 1
1 0 0 24 18 1 0 0 0 1 0 1 0 0 0 0 0 0 0 0 0 1 0 0 1 0 0 1
1 0 0 24 18 0 1 0 1 0 0 0 0 0 0 0 0 0 1 0 0 1 0 0 1 0 0 1
1 0 0 24 18 1 0 0 0 1 1 0 0 0 0 0 0 0 0 0 0 1 0 0 1 0 0 1
1 0 0 24 18 0 1 0 0 1 1 0 0 0 0 0 0 0 0 0 0 1 0 0 1 0 0 1
1 0 0 24 18 0 1 0 1 0 1 0 0 0 0 0 0 0 0 0 0 1 0 0 1 0 0 1
1 0 0 24 18 1 0 0 0 1 1 0 0 0 0 0 0 0 0 0 0 1 0 0 1 0 0 1
1 0 0 24 18 0 1 1 0 0 1 0 0 0 0 0 0 0 0 0 0 1 0 0 1 0 0 1
1 0 0 24 18 1 0 0 0 1 1 0 0 0 0 0 0 0 0 0 0 1 0 0 1 0 0 1
1 0 0 24 18 0 1 0 1 0 1 0 0 0 0 0 0 0 0 0 0 1 0 0 1 0 0 1
1 0 0 24 18 1 0 0 0 1 1 0 0 0 0 0 0 0 0 0 0 1 0 0 1 0 0 1
1 0 0 24 18 1 0 0 0 1 1 0 0 0 0 0 0 0 0 0 0 1 0 0 1 0 0 1
1 0 0 24 18 0 1 0 1 0 1 0 0 0 0 0 0 0 0 0 0 1 0 0 1 0 0 1
1 0 0 24 18 1 0 0 0 1 1 0 0 0 0 0 0 0 0 0 0 1 0 0 1 0 0 1
1 0 0 24 18 0 1 1 0 0 0 0 0 0 1 0 0 0 0 0 0 1 0 0 1 0 0 1
1 0 0 24 18 0 1 0 0 1 1 0 0 0 0 0 0 0 0 0 0 1 0 0 1 0 0 1
1 0 0 24 18 1 0 1 0 0 0 0 0 0 1 0 0 0 0 0 0 1 0 0 1 0 0 1
1 0 0 24 18 0 1 0 0 1 1 0 0 0 0 0 0 0 0 0 0 1 0 0 1 0 0 1
1 0 0 24 18 1 0 0 1 0 1 0 0 0 0 0 0 0 0 0 0 1 0 0 1 0 0 1
1 0 0 24 18 0 1 0 1 0 1 0 0 0 0 0 0 0 0 0 0 1 0 0 1 0 0 1
1 0 0 24 18 1 0 0 0 1 1 0 0 0 0 0 0 0 0 0 0 1 0 0 1 0 0 1
1 0 0 24 18 0 1 1 0 0 0 0 0 0 0 0 0 0 1 0 0 1 0 0 1 0 0 1
1 0 0 24 18 0 1 0 1 0 1 0 0 0 0 0 0 0 0 0 0 1 0 0 1 0 0 1
1 0 0 24 18 0 1 1 0 0 0 0 0 0 0 0 0 0 1 0 0 1 0 0 1 0 0 1
1 0 0 24 18 0 1 0 0 1 1 0 0 0 0 0 0 0 0 0 0 1 0 0 1 0 0 1
1 0 0 24 18 1 0 0 0 1 1 0 0 0 0 0 0 0 0 0 0 1 0 0 1 0 0 1
1 0 0 24 18 0 1 0 1 0 1 0 0 0 0 0 0 0 0 0 0 1 0 0 1 0 0 1
1 0 0 24 18 0 1 0 0 1 1 0 0 0 0 0 0 0 0 0 0 1 0 0 1 0 0 1
1 0 0 24 18 1 0 0 0 1 0 0 1 0 0 0 0 0 0 0 0 1 0 0 1 0 0 1
1 0 0 24 18 0 1 0 1 0 1 0 0 0 0 0 0 0 0 0 0 1 0 0 1 0 0 1
1 0 0 24 18 1 0 0 0 1 1 0 0 0 0 0 0 0 0 0 0 1 0 0 1 0 0 1
1 0 0 24 18 0 1 0 0 1 1 0 0 0 0 0 0 0 0 0 0 1 0 0 1 0 0 1
1 0 0 24 18 1 0 0 0 1 1 0 0 0 0 0 0 0 0 0 0 1 0 0 1 0 0 1
1 0 0 24 18 1 0 0 1 0 1 0 0 0 0 0 0 0 0 0 0 1 0 0 1 0 0 1
1 0 0 24 18 0 1 0 1 0 0 0 0 0 0 0 1 0 0 0 0 1 0 0 1 0 0 1
1 0 0 24 18 1 0 1 0 0 1 0 0 0 0 0 0 0 0 0 0 1 0 0 1 0 0 1
1 0 0 24 18 1 0 0 0 1 1 0 0 0 0 0 0 0 0 0 0 1 0 0 1 0 0 1
1 0 0 24 18 1 0 0 0 1 1 0 0 0 0 0 0 0 0 0 0 1 0 0 1 0 0 1
1 0 0 24 18 0 1 0 0 1 1 0 0 0 0 0 0 0 0 0 0 1 0 0 1 0 0 1
1 0 0 24 18 1 0 0 1 0 1 0 0 0 0 0 0 0 0 0 0 1 0 0 1 0 0 1
1 0 0 24 18 1 0 0 0 1 1 0 0 0 0 0 0 0 0 0 0 1 0 0 1 0 0 1
1 0 0 24 18 1 0 0 1 0 1 0 0 0 0 0 0 0 0 0 0 1 0 0 1 0 0 1
1 0 0 24 18 0 1 0 1 0 1 0 0 0 0 0 0 0 0 0 0 1 0 0 1 0 0 1
1 0 0 24 18 0 1 0 0 1 0 0 0 0 0 0 0 0 0 0 1 1 0 0 1 0 0 1
1 0 0 24 18 0 1 1 0 0 1 0 0 0 0 0 0 0 0 0 0 1 0 0 1 0 0 1
1 0 0 24 18 1 0 0 0 1 1 0 0 0 0 0 0 0 0 0 0 1 0 0 1 0 0 1
0 1 0 43 17 1 0 1 0 0 0 0 0 0 0 0 0 0 0 0 1 1 0 0 1 0 0 1
0 1 0 43 17 0 1 0 1 0 1 0 0 0 0 0 0 0 0 0 0 1 0 0 1 0 0 1
0 1 0 43 17 0 1 0 0 1 0 0 0 0 0 0 1 0 0 0 0 1 0 0 1 0 0 1
0 1 0 43 17 0 1 0 0 1 1 0 0 0 0 0 0 0 0 0 0 1 0 0 1 0 0 1
0 1 0 43 17 0 1 1 0 0 1 0 0 0 0 0 0 0 0 0 0 1 0 0 1 0 0 1
0 1 0 43 17 0 1 1 0 0 1 0 0 0 0 0 0 0 0 0 0 1 0 0 1 0 0 1
0 1 0 43 17 1 0 1 0 0 0 0 0 0 1 0 0 0 0 0 0 1 0 0 1 0 0 1
0 1 0 43 17 1 0 0 0 1 1 0 0 0 0 0 0 0 0 0 0 1 0 0 1 0 0 1
0 1 0 43 17 0 1 0 1 0 1 0 0 0 0 0 0 0 0 0 0 1 0 0 1 0 0 1
0 1 0 43 17 0 1 0 1 0 1 0 0 0 0 0 0 0 0 0 0 1 0 0 1 0 0 1
0 1 0 43 17 1 0 0 0 1 1 0 0 0 0 0 0 0 0 0 0 1 0 0 1 0 0 1
0 1 0 43 17 1 0 0 0 1 0 0 0 0 1 0 0 0 0 0 0 1 0 0 1 0 0 1
0 1 0 43 17 0 1 0 0 1 1 0 0 0 0 0 0 0 0 0 0 1 0 0 1 0 0 1
0 1 0 43 17 0 1 1 0 0 1 0 0 0 0 0 0 0 0 0 0 1 0 0 1 0 0 1
0 1 0 43 17 1 0 0 1 0 1 0 0 0 0 0 0 0 0 0 0 1 0 0 1 0 0 1
0 1 0 43 17 0 1 1 0 0 1 0 0 0 0 0 0 0 0 0 0 1 0 0 1 0 0 1
0 1 0 43 17 0 1 0 0 1 1 0 0 0 0 0 0 0 0 0 0 1 0 0 1 0 0 1
0 1 0 43 17 1 0 0 0 1 1 0 0 0 0 0 0 0 0 0 0 1 0 0 1 0 0 1
0 1 0 43 17 1 0 0 0 1 1 0 0 0 0 0 0 0 0 0 0 1 0 0 1 0 0 1
0 1 0 43 17 1 0 0 0 1 1 0 0 0 0 0 0 0 0 0 0 1 0 0 1 0 0 1
0 1 0 43 17 1 0 0 0 1 1 0 0 0 0 0 0 0 0 0 0 1 0 0 1 0 0 1
0 1 0 43 17 1 0 1 0 0 1 0 0 0 0 0 0 0 0 0 0 1 0 0 1 0 0 1
0 1 0 43 17 0 1 0 1 0 1 0 0 0 0 0 0 0 0 0 0 1 0 0 1 0 0 1
0 1 0 43 17 0 1 1 0 0 1 0 0 0 0 0 0 0 0 0 0 1 0 0 1 0 0 1
0 1 0 43 17 0 1 1 0 0 1 0 0 0 0 0 0 0 0 0 0 1 0 0 1 0 0 1
0 1 0 43 17 0 1 0 0 1 1 0 0 0 0 0 0 0 0 0 0 1 0 0 1 0 0 1
0 1 0 43 17 1 0 0 0 1 1 0 0 0 0 0 0 0 0 0 0 1 0 0 1 0 0 1
0 1 0 43 17 0 1 1 0 0 1 0 0 0 0 0 0 0 0 0 0 1 0 0 1 0 0 1
0 1 0 43 17 1 0 0 0 1 1 0 0 0 0 0 0 0 0 0 0 1 0 0 1 0 0 1
0 1 0 43 17 1 0 1 0 0 1 0 0 0 0 0 0 0 0 0 0 1 0 0 1 0 0 1
0 1 0 43 17 0 1 0 0 1 1 0 0 0 0 0 0 0 0 0 0 1 0 0 1 0 0 1
0 1 0 43 17 1 0 0 1 0 1 0 0 0 0 0 0 0 0 0 0 1 0 0 1 0 0 1
0 1 0 43 17 1 0 1 0 0 1 0 0 0 0 0 0 0 0 0 0 1 0 0 1 0 0 1
0 1 0 43 17 1 0 1 0 0 0 0 0 0 1 0 0 0 0 0 0 1 0 0 1 0 0 1
0 1 0 43 17 1 0 0 0 1 1 0 0 0 0 0 0 0 0 0 0 1 0 0 1 0 0 1
0 1 0 43 17 1 0 0 0 1 1 0 0 0 0 0 0 0 0 0 0 1 0 0 1 0 0 1
0 1 0 43 17 0 1 0 0 1 1 0 0 0 0 0 0 0 0 0 0 1 0 0 1 0 0 1
0 1 0 43 17 0 1 0 0 1 0 0 0 0 0 0 1 0 0 0 0 1 0 0 1 0 0 1
0 1 0 43 17 0 1 0 0 1 1 0 0 0 0 0 0 0 0 0 0 1 0 0 1 0 0 1
0 1 0 43 17 0 1 0 0 1 1 0 0 0 0 0 0 0 0 0 0 1 0 0 1 0 0 1
0 1 0 43 17 1 0 0 1 0 1 0 0 0 0 0 0 0 0 0 0 1 0 0 1 0 0 1
0 1 0 43 17 1 0 0 0 1 1 0 0 0 0 0 0 0 0 0 0 1 0 0 1 0 0 1
0 1 0 43 17 1 0 0 0 1 1 0 0 0 0 0 0 0 0 0 0 1 0 0 1 0 0 1
0 1 0 43 17 0 1 0 0 1 1 0 0 0 0 0 0 0 0 0 0 1 0 0 1 0 0 1
0 1 0 43 17 1 0 0 0 1 1 0 0 0 0 0 0 0 0 0 0 1 0 0 1 0 0 1
0 1 0 43 17 1 0 0 0 1 1 0 0 0 0 0 0 0 0 0 0 1 0 0 1 0 0 1
0 1 0 43 17 1 0 0 0 1 1 0 0 0 0 0 0 0 0 0 0 1 0 0 1 0 0 1
0 1 0 43 17 1 0 0 1 0 0 0 0 0 0 0 0 0 0 0 1 1 0 0 1 0 0 1
0 1 0 43 17 1 0 0 1 0 1 0 0 0 0 0 0 0 0 0 0 1 0 0 1 0 0 1
0 1 0 43 17 0 1 1 0 0 1 0 0 0 0 0 0 0 0 0 0 1 0 0 1 0 0 1
0 1 0 43 17 1 0 0 0 1 1 0 0 0 0 0 0 0 0 0 0 1 0 0 1 0 0 1
0 1 0 43 17 1 0 0 0 1 1 0 0 0 0 0 0 0 0 0 0 1 0 0 1 0 0 1
0 1 0 43 17 0 1 0 0 1 1 0 0 0 0 0 0 0 0 0 0 1 0 0 1 0 0 1
0 1 0 43 17 0 1 0 0 1 1 0 0 0 0 0 0 0 0 0 0 1 0 0 1 0 0 1
0 1 0 43 17 1 0 1 0 0 1 0 0 0 0 0 0 0 0 0 0 1 0 0 1 0 0 1
0 1 0 43 17 0 1 0 1 0 0 0 0 0 0 0 1 0 0 0 0 1 0 0 1 0 0 1
0 1 0 43 17 0 1 1 0 0 1 0 0 0 0 0 0 0 0 0 0 1 0 0 1 0 0 1
0 1 0 43 17 1 0 0 1 0 1 0 0 0 0 0 0 0 0 0 0 1 0 0 1 0 0 1
0 1 0 43 17 1 0 1 0 0 1 0 0 0 0 0 0 0 0 0 0 1 0 0 1 0 0 1
0 0 1 43 12 0 1 0 0 1 1 0 0 0 0 0 0 0 0 0 0 1 0 0 1 0 0 1
0 0 1 43 12 1 0 0 0 1 0 0 0 0 0 0 0 0 0 0 1 1 0 0 1 0 0 1
0 0 1 43 12 1 0 0 0 1 1 0 0 0 0 0 0 0 0 0 0 1 0 0 1 0 0 1
0 0 1 43 12 1 0 0 0 1 1 0 0 0 0 0 0 0 0 0 0 1 0 0 1 0 0 1
0 0 1 43 12 1 0 0 0 1 1 0 0 0 0 0 0 0 0 0 0 1 0 0 1 0 0 1
0 0 1 43 12 1 0 1 0 0 1 0 0 0 0 0 0 0 0 0 0 1 0 0 1 0 0 1
0 0 1 43 12 1 0 1 0 0 1 0 0 0 0 0 0 0 0 0 0 1 0 0 1 0 0 1
0 0 1 43 12 1 0 0 1 0 1 0 0 0 0 0 0 0 0 0 0 1 0 0 1 0 0 1
0 0 1 43 12 1 0 1 0 0 1 0 0 0 0 0 0 0 0 0 0 1 0 0 1 0 0 1
0 0 1 43 12 0 1 0 0 1 1 0 0 0 0 0 0 0 0 0 0 1 0 0 1 0 0 1
0 0 1 43 12 1 0 1 0 0 1 0 0 0 0 0 0 0 0 0 0 1 0 0 1 0 0 1
0 0 1 43 12 1 0 0 1 0 1 0 0 0 0 0 0 0 0 0 0 1 0 0 1 0 0 1
0 0 1 43 12 1 0 0 0 1 1 0 0 0 0 0 0 0 0 0 0 1 0 0 1 0 0 1
0 0 1 43 12 0 1 0 0 1 1 0 0 0 0 0 0 0 0 0 0 1 0 0 1 0 0 1
0 0 1 43 12 1 0 0 0 1 1 0 0 0 0 0 0 0 0 0 0 1 0 0 1 0 0 1
0 0 1 43 12 0 1 1 0 0 1 0 0 0 0 0 0 0 0 0 0 1 0 0 1 0 0 1
0 0 1 43 12 1 0 0 0 1 1 0 0 0 0 0 0 0 0 0 0 1 0 0 1 0 0 1
0 0 1 43 12 1 0 0 1 0 1 0 0 0 0 0 0 0 0 0 0 1 0 0 1 0 0 1
0 0 1 43 12 0 1 0 1 0 1 0 0 0 0 0 0 0 0 0 0 1 0 0 1 0 0 1
0 0 1 43 12 0 1 0 1 0 1 0 0 0 0 0 0 0 0 0 0 1 0 0 1 0 0 1
0 0 1 43 12 0 1 0 0 1 1 0 0 0 0 0 0 0 0 0 0 1 0 0 1 0 0 1
0 0 1 43 12 1 0 0 0 1 1 0 0 0 0 0 0 0 0 0 0 1 0 0 1 0 0 1
0 0 1 43 12 1 0 0 0 1 1 0 0 0 0 0 0 0 0 0 0 1 0 0 1 0 0 1
0 0 1 43 12 1 0 0 0 1 1 0 0 0 0 0 0 0 0 0 0 1 0 0 1 0 0 1
0 0 1 43 12 1 0 0 0 1 1 0 0 0 0 0 0 0 0 0 0 1 0 0 1 0 0 1
0 0 1 43 12 1 0 0 1 0 1 0 0 0 0 0 0 0 0 0 0 1 0 0 1 0 0 1
0 0 1 43 12 0 1 1 0 0 1 0 0 0 0 0 0 0 0 0 0 1 0 0 1 0 0 1
0 0 1 43 12 1 0 0 0 1 1 0 0 0 0 0 0 0 0 0 0 1 0 0 1 0 0 1
0 0 1 43 12 0 1 1 0 0 1 0 0 0 0 0 0 0 0 0 0 1 0 0 1 0 0 1
0 0 1 43 12 1 0 0 0 1 1 0 0 0 0 0 0 0 0 0 0 1 0 0 1 0 0 1
0 0 1 43 12 1 0 1 0 0 1 0 0 0 0 0 0 0 0 0 0 1 0 0 1 0 0 1
0 0 1 43 12 0 1 0 0 1 1 0 0 0 0 0 0 0 0 0 0 1 0 0 1 0 0 1
0 0 1 43 12 1 0 0 0 1 1 0 0 0 0 0 0 0 0 0 0 1 0 0 1 0 0 1
0 0 1 43 12 1 0 0 0 1 1 0 0 0 0 0 0 0 0 0 0 1 0 0 1 0 0 1
0 0 1 43 12 1 0 0 0 1 1 0 0 0 0 0 0 0 0 0 0 1 0 0 1 0 0 1
0 0 1 43 12 1 0 0 0 1 0 0 0 0 1 0 0 0 0 0 0 1 0 0 1 0 0 1
0 0 1 43 12 1 0 0 0 1 1 0 0 0 0 0 0 0 0 0 0 1 0 0 1 0 0 1
0 0 1 43 12 1 0 0 0 1 0 0 0 0 0 0 1 0 0 0 0 1 0 0 1 0 0 1
0 0 1 43 12 0 1 1 0 0 1 0 0 0 0 0 0 0 0 0 0 1 0 0 1 0 0 1
0 0 1 43 12 1 0 0 0 1 1 0 0 0 0 0 0 0 0 0 0 1 0 0 1 0 0 1
0 0 1 43 12 1 0 1 0 0 1 0 0 0 0 0 0 0 0 0 0 1 0 0 1 0 0 1
0 0 1 43 12 0 1 0 0 1 1 0 0 0 0 0 0 0 0 0 0 1 0 0 1 0 0 1
0 0 1 43 12 0 1 1 0 0 0 0 0 0 0 0 1 0 0 0 0 1 0 0 1 0 0 1
0 0 1 43 12 0 1 0 1 0 1 0 0 0 0 0 0 0 0 0 0 1 0 0 1 0 0 1
0 0 1 43 12 1 0 0 1 0 1 0 0 0 0 0 0 0 0 0 0 1 0 0 1 0 0 1
0 0 1 43 12 0 1 1 0 0 1 0 0 0 0 0 0 0 0 0 0 1 0 0 1 0 0 1
0 0 1 43 12 1 0 0 0 1 1 0 0 0 0 0 0 0 0 0 0 1 0 0 1 0 0 1
0 0 1 43 12 1 0 0 0 1 1 0 0 0 0 0 0 0 0 0 0 1 0 0 1 0 0 1
0 0 1 43 12 0 1 1 0 0 1 0 0 0 0 0 0 0 0 0 0 1 0 0 1 0 0 1
0 0 1 43 12 1 0 0 0 1 1 0 0 0 0 0 0 0 0 0 0 1 0 0 1 0 0 1
0 0 1 43 12 1 0 0 0 1 1 0 0 0 0 0 0 0 0 0 0 1 0 0 1 0 0 1
0 0 1 43 12 0 1 0 0 1 1 0 0 0 0 0 0 0 0 0 0 1 0 0 1 0 0 1
0 0 1 43 12 0 1 0 0 1 1 0 0 0 0 0 0 0 0 0 0 1 0 0 1 0 0 1
0 0 1 43 12 0 1 0 1 0 1 0 0 0 0 0 0 0 0 0 0 1 0 0 1 0 0 1
0 0 1 43 12 1 0 0 1 0 1 0 0 0 0 0 0 0 0 0 0 1 0 0 1 0 0 1
0 0 1 43 12 0 1 0 1 0 1 0 0 0 0 0 0 0 0 0 0 1 0 0 1 0 0 1
0 0 1 43 12 1 0 0 0 1 1 0 0 0 0 0 0 0 0 0 0 1 0 0 1 0 0 1
0 0 1 43 12 1 0 1 0 0 1 0 0 0 0 0 0 0 0 0 0 1 0 0 1 0 0 1
0 0 1 43 12 1 0 1 0 0 1 0 0 0 0 0 0 0 0 0 0 1 0 0 1 0 0 1
0 0 1 43 12 1 0 0 0 1 1 0 0 0 0 0 0 0 0 0 0 1 0 0 1 0 0 1
0 0 1 43 12 0 1 0 0 1 1 0 0 0 0 0 0 0 0 0 0 1 0 0 1 0 0 1
