182 1
11
15
42
17
30
12
14
21
3
1
40
13
31
12
2
52
23
19
19
30
38
9
42
25
24
16
39
16
14
25
10
17
13
26
31
52
33
48
42
25
13
17
27
19
13
28
10
20
40
41
36
8
20
31
27
3
9
18
38
41
24
15
27
37
21
45
15
31
20
18
39
39
31
14
17
48
2
22
21
34
41
4
17
13
29
8
21
35
24
35
27
42
1
26
22
3
42
31
53
44
52
29
34
11
27
41
20
27
7
46
12
47
41
23
38
35
14
41
45
7
22
29
37
39
52
17
49
27
15
42
44
18
2
55
48
30
56
35
22
22
10
11
2
50
21
13
13
38
44
24
19
46
2
48
22
52
9
37
38
45
33
42
45
33
32
27
30
22
47
38
25
22
23
21
26
37
28
48
8
16
43
25
