215 1
18
26
45
8
38
41
12
16
5
16
9
2
22
15
9
13
29
3
29
45
14
28
8
25
16
20
1
39
24
10
20
13
23
22
16
8
30
20
12
47
26
39
3
43
10
17
17
14
17
20
29
18
24
9
12
37
11
14
2
7
28
6
28
15
31
24
21
16
12
38
35
45
20
5
4
9
48
31
14
11
21
24
9
11
35
14
4
18
15
22
34
4
41
10
5
2
46
12
31
2
10
18
1
4
1
2
12
33
4
38
7
52
15
42
44
26
49
22
10
28
10
19
15
25
2
46
25
31
15
15
9
47
4
6
17
13
17
54
29
21
20
7
26
19
55
10
29
28
13
21
13
27
10
5
2
4
38
6
8
20
27
12
23
11
36
22
23
9
23
55
5
32
21
26
8
29
44
3
19
20
37
25
29
31
5
4
22
21
32
43
28
30
24
13
29
13
49
25
25
11
19
14
11
34
34
32
41
26
37
41
8
36
33
20
16
