212 1
28
33
20
31
38
41
21
32
27
34
12
2
3
16
14
28
9
2
2
16
18
13
54
16
50
24
14
31
3
33
37
3
17
28
29
11
20
8
20
12
36
10
32
14
26
50
21
4
2
22
24
41
20
24
11
27
21
36
26
21
19
23
15
39
3
8
20
5
52
20
8
22
21
24
23
12
16
35
11
15
12
6
4
22
28
36
11
25
16
36
8
23
31
10
2
23
27
20
7
17
9
5
15
26
15
28
17
7
27
44
19
28
1
19
33
27
24
35
34
6
14
13
24
31
33
35
2
14
18
10
22
28
3
41
24
18
18
6
37
15
24
20
16
22
14
30
28
1
16
28
38
8
17
17
19
21
6
2
21
4
9
2
10
26
20
18
10
17
41
19
30
12
12
10
7
32
22
25
27
16
21
10
25
23
20
10
10
5
42
17
6
7
7
10
34
10
11
2
17
28
17
22
19
3
21
37
27
22
28
5
19
8
