160 1
31
32
17
30
26
27
43
30
12
29
40
47
23
44
33
32
32
30
20
39
22
54
34
18
21
36
42
39
22
35
14
13
28
11
10
18
19
29
21
16
27
20
18
26
27
22
27
32
24
33
35
26
32
16
18
34
36
5
27
37
44
31
31
19
44
21
39
20
28
33
28
36
29
38
48
12
32
30
23
49
28
19
29
32
30
17
30
38
14
26
28
21
18
29
49
33
41
18
6
43
48
37
42
46
33
5
54
40
44
33
10
24
42
41
35
24
29
53
32
34
24
31
10
20
23
41
28
1
51
51
27
28
19
30
31
31
29
16
23
47
30
14
24
28
11
45
29
24
52
7
25
54
6
17
14
48
37
53
21
16
