34 28
0 0 1 46 33 0 1 0 1 0 1 0 0 0 0 0 0 0 0 0 0 0 1 0 0 0 1 1
0 0 1 46 33 0 1 0 1 0 1 0 0 0 0 0 0 0 0 0 0 0 1 0 0 0 1 1
0 0 1 46 33 0 1 0 1 0 1 0 0 0 0 0 0 0 0 0 0 0 1 0 0 0 1 1
0 0 1 46 33 0 1 0 0 1 1 0 0 0 0 0 0 0 0 0 0 0 1 0 0 0 1 1
0 0 1 46 33 0 1 0 0 1 0 0 0 0 0 0 0 0 0 0 1 0 1 0 0 0 1 1
0 0 1 46 33 0 1 0 1 0 1 0 0 0 0 0 0 0 0 0 0 0 1 0 0 0 1 1
0 0 1 46 33 0 1 0 1 0 0 0 0 0 0 0 0 0 0 0 1 0 1 0 0 0 1 1
0 0 1 46 33 0 1 0 0 1 0 0 0 0 1 0 0 0 0 0 0 0 1 0 0 0 1 1
0 0 1 46 33 0 1 0 0 1 0 0 0 0 1 0 0 0 0 0 0 0 1 0 0 0 1 1
0 0 1 46 33 0 1 0 0 1 1 0 0 0 0 0 0 0 0 0 0 0 1 0 0 0 1 1
0 0 1 46 33 0 1 0 0 1 1 0 0 0 0 0 0 0 0 0 0 0 1 0 0 0 1 1
0 0 1 46 33 0 1 1 0 0 1 0 0 0 0 0 0 0 0 0 0 0 1 0 0 0 1 1
0 0 1 46 33 0 1 0 1 0 1 0 0 0 0 0 0 0 0 0 0 0 1 0 0 0 1 1
0 0 1 46 33 0 1 0 1 0 1 0 0 0 0 0 0 0 0 0 0 0 1 0 0 0 1 1
0 0 1 46 33 0 1 0 0 1 0 0 0 0 0 0 0 0 0 0 1 0 1 0 0 0 1 1
0 0 1 46 33 0 1 0 0 1 1 0 0 0 0 0 0 0 0 0 0 0 1 0 0 0 1 1
0 0 1 46 33 0 1 0 1 0 1 0 0 0 0 0 0 0 0 0 0 0 1 0 0 0 1 1
0 0 1 46 33 0 1 0 1 0 1 0 0 0 0 0 0 0 0 0 0 0 1 0 0 0 1 1
0 0 1 46 33 0 1 0 1 0 1 0 0 0 0 0 0 0 0 0 0 0 1 0 0 0 1 1
0 0 1 46 33 0 1 0 1 0 0 1 0 0 0 0 0 0 0 0 0 0 1 0 0 0 1 1
0 0 1 46 33 0 1 0 1 0 1 0 0 0 0 0 0 0 0 0 0 0 1 0 0 0 1 1
0 0 1 46 33 0 1 0 1 0 0 0 0 0 0 0 0 0 0 0 1 0 1 0 0 0 1 1
0 0 1 46 33 0 1 1 0 0 1 0 0 0 0 0 0 0 0 0 0 0 1 0 0 0 1 1
0 0 1 46 33 0 1 0 1 0 0 0 0 0 1 0 0 0 0 0 0 0 1 0 0 0 1 1
0 0 1 46 33 0 1 0 0 1 1 0 0 0 0 0 0 0 0 0 0 0 1 0 0 0 1 1
0 0 1 46 33 0 1 0 0 1 0 0 0 0 0 0 0 0 0 0 1 0 1 0 0 0 1 1
0 0 1 46 33 0 1 0 1 0 0 0 0 0 0 0 0 0 0 0 1 0 1 0 0 0 1 1
0 0 1 46 33 0 1 0 1 0 0 0 0 0 1 0 0 0 0 0 0 0 1 0 0 0 1 1
0 0 1 46 33 0 1 0 0 1 1 0 0 0 0 0 0 0 0 0 0 0 1 0 0 0 1 1
0 0 1 46 33 0 1 0 1 0 1 0 0 0 0 0 0 0 0 0 0 0 1 0 0 0 1 1
0 0 1 46 33 0 1 1 0 0 1 0 0 0 0 0 0 0 0 0 0 0 1 0 0 0 1 1
0 0 1 46 33 0 1 1 0 0 0 0 0 0 1 0 0 0 0 0 0 0 1 0 0 0 1 1
0 0 1 46 33 0 1 0 1 0 1 0 0 0 0 0 0 0 0 0 0 0 1 0 0 0 1 1
0 0 1 46 33 0 1 0 0 1 1 0 0 0 0 0 0 0 0 0 0 0 1 0 0 0 1 1
